#path1 #000000
Reaction coordinate,Free Energy (eV),Reaction coordinate,Free Energy (eV),Tag name
0.0,0.0,0.0,0.0,S
4.0,121.0,4.0,121.0,IM2
4.0,121.0,8.0,74.5,IM2
8.0,74.5,12.0,102.2,IM2
8.0,74.5,16.0,-23.9,P
12.0,102.2,,,
12.0,102.2,,,
16.0,-23.9,,,
##################################################
#path2 #FF0000
Reaction coordinate,Free Energy (eV),Reaction coordinate,Free Energy (eV),Tag name
0.0,0.0,0.0,0.0,S
4.0,141.0,4.0,141.0,IM2
4.0,141.0,8.0,64.5,IM2
8.0,64.5,12.0,122.2,TS4
8.0,64.50000000000023,16.0,-23.9,P
8.010025062656641,64.501085488012,,,
8.020050125313283,64.50433468518168,,,
8.030075187969924,64.50973669121072,,,
8.040100250626566,64.51728060580263,,,
8.050125313283209,64.52695552865794,,,
8.06015037593985,64.53875055947879,,,
8.070175438596491,64.55265479796776,,,
8.080200501253133,64.56865734382677,,,
8.090225563909774,64.58674729675681,,,
8.100250626566416,64.60691375646138,,,
8.110275689223057,64.62914582264148,,,
8.1203007518797,64.65343259499923,,,
8.130325814536342,64.67976317323655,,,
8.140350877192983,64.70812665705557,,,
8.150375939849624,64.7385121461582,,,
8.160401002506266,64.77090874024611,,,
8.170426065162907,64.80530553902236,,,
8.180451127819548,64.84169164218747,,,
8.19047619047619,64.8800561494445,,,
8.200501253132831,64.92038816049444,,,
8.210526315789474,64.96267677504011,,,
8.220551378446116,65.00691109278387,,,
8.230576441102757,65.05308021342603,,,
8.240601503759398,65.10117323667055,,,
8.25062656641604,65.15117926221842,,,
8.260651629072681,65.2030873897711,,,
8.270676691729323,65.25688671903094,,,
8.280701754385966,65.31256634970032,,,
8.290726817042607,65.37011538148113,,,
8.300751879699249,65.42952291407482,,,
8.31077694235589,65.490778047184,,,
8.320802005012531,65.553869880511,,,
8.330827067669173,65.61878751375616,,,
8.340852130325814,65.6855200466232,,,
8.350877192982455,65.75405657881242,,,
8.360902255639097,65.82438621002802,,,
8.37092731829574,65.89649803996963,,,
8.380952380952381,65.97038116834074,,,
8.390977443609023,66.04602469484257,,,
8.401002506265664,66.12341771917772,,,
8.411027568922306,66.20254934104787,,,
8.421052631578947,66.28340866015492,,,
8.431077694235588,66.36598477620078,,,
8.441102756892231,66.45026678888757,,,
8.451127819548873,66.53624379791768,,,
8.461152882205514,66.62390490299208,,,
8.471177944862156,66.71323920381315,,,
8.481203007518797,66.80423580008346,,,
8.491228070175438,66.8968837915047,,,
8.50125313283208,66.99117227777788,,,
8.511278195488721,67.08709035860647,,,
8.521303258145362,67.18462713369149,,,
8.531328320802006,67.28377170273552,,,
8.541353383458647,67.38451316544024,,,
8.551378446115288,67.4868406215071,,,
8.56140350877193,67.59074317063869,,,
8.571428571428571,67.69620991253714,,,
8.581453634085213,67.80322994690368,,,
8.591478696741854,67.91179237344113,,,
8.601503759398497,68.0218862918507,,,
8.611528822055138,68.13350080183545,,,
8.62155388471178,68.24662500309569,,,
8.631578947368421,68.36124799533536,,,
8.641604010025063,68.47735887825434,,,
8.651629072681704,68.59494675155656,,,
8.661654135338345,68.71400071494259,,,
8.671679197994987,68.83450986811545,,,
8.681704260651628,68.9564633107766,,,
8.691729323308271,69.07985014262772,,,
8.701754385964913,69.20465946337117,,,
8.711779448621554,69.3308803727084,,,
8.721804511278195,69.4585019703427,,,
8.731829573934837,69.5875133559748,,,
8.741854636591478,69.71790362930687,,,
8.75187969924812,69.84966189004149,,,
8.761904761904763,69.98277723787987,,,
8.771929824561404,70.11723877252416,,,
8.781954887218046,70.25303559367694,,,
8.791979949874687,70.39015680103967,,,
8.802005012531328,70.52859149431424,,,
8.81203007518797,70.6683287732028,,,
8.822055137844611,70.80935773740725,,,
8.832080200501252,70.95166748662973,,,
8.842105263157894,71.09524712057191,,,
8.852130325814537,71.24008573893616,,,
8.862155388471178,71.38617244142438,,,
8.87218045112782,71.5334963277387,,,
8.882205513784461,71.6820464975799,,,
8.892230576441102,71.83181205065148,,,
8.902255639097744,71.98278208665488,,,
8.912280701754385,72.13494570529178,,,
8.922305764411028,72.28829200626478,,,
8.93233082706767,72.44281008927442,,,
8.942355889724311,72.59848905402532,,,
8.952380952380953,72.75531800021622,,,
8.962406015037594,72.91328602755175,,,
8.972431077694235,73.07238223573222,,,
8.982456140350877,73.23259572446136,,,
8.992481203007518,73.39391559343835,,,
9.00250626566416,73.55633094236828,,,
9.012531328320803,73.71983087095077,,,
9.022556390977444,73.88440447889002,,,
9.032581453634085,74.0500408658852,,,
9.042606516290727,74.2167291316407,,,
9.052631578947368,74.38445837585664,,,
9.06265664160401,74.55321769823718,,,
9.072681704260651,74.72299619848218,,,
9.082706766917294,74.89378297629446,,,
9.092731829573935,75.06556713137638,,,
9.102756892230577,75.23833776342963,,,
9.112781954887218,75.41208397215587,,,
9.12280701754386,75.58679485725725,,,
9.132832080200501,75.76245951843634,,,
9.142857142857142,75.93906705539462,,,
9.152882205513784,76.11660656783283,,,
9.162907268170425,76.29506715545563,,,
9.172932330827068,76.47443791796263,,,
9.18295739348371,76.65470795505644,,,
9.192982456140351,76.83586636643963,,,
9.203007518796992,77.01790225181412,,,
9.213032581453634,77.20080471088113,,,
9.223057644110275,77.38456284334393,,,
9.233082706766917,77.56916574890283,,,
9.24310776942356,77.75460252726043,,,
9.253132832080201,77.94086227812,,,
9.263157894736842,78.12793410118093,,,
9.273182957393484,78.31580709614832,,,
9.283208020050125,78.5044703627218,,,
9.293233082706767,78.69391300060397,,,
9.303258145363408,78.88412410949695,,,
9.31328320802005,79.07509278910265,,,
9.32330827067669,79.26680813912276,,,
9.333333333333334,79.45925925926008,,,
9.343358395989975,79.65243524921539,,,
9.353383458646617,79.84632520869218,,,
9.363408521303258,80.04091823739077,,,
9.3734335839599,80.23620343501489,,,
9.38345864661654,80.43216990126416,,,
9.393483709273182,80.62880673584323,,,
9.403508771929825,80.82610303845217,,,
9.413533834586467,81.02404790879473,,,
9.423558897243108,81.22263044657007,,,
9.43358395989975,81.42183975148305,,,
9.443609022556391,81.62166492323308,,,
9.453634085213032,81.82209506152526,,,
9.463659147869674,82.02311926605807,,,
9.473684210526315,82.22472663653662,,,
9.483709273182956,82.42690627266052,,,
9.4937343358396,82.62964727413328,,,
9.503759398496241,82.83293874065612,,,
9.513784461152882,83.03676977193118,,,
9.523809523809524,83.24112946766081,,,
9.533834586466165,83.44600692754602,,,
9.543859649122806,83.6513912512894,,,
9.553884711779448,83.85727153859352,,,
9.563909774436091,84.06363688915985,,,
9.573934837092732,84.27047640268938,,,
9.583959899749374,84.47777917888538,,,
9.593984962406015,84.68553431744954,,,
9.604010025062657,84.89373091808352,,,
9.614035087719298,85.10235808048992,,,
9.62406015037594,85.31140490436974,,,
9.63408521303258,85.52086048942556,,,
9.644110275689222,85.73071393535952,,,
9.654135338345865,85.94095434187261,,,
9.664160401002507,86.15157080866902,,,
9.674185463659148,86.36255243544792,,,
9.68421052631579,86.57388832191373,,,
9.69423558897243,86.7855675677663,,,
9.704260651629072,86.99757927270957,,,
9.714285714285714,87.20991253644388,,,
9.724310776942357,87.42255645867226,,,
9.734335839598998,87.63550013909594,,,
9.74436090225564,87.84873267741773,,,
9.75438596491228,88.06224317333863,,,
9.764411027568922,88.27602072656214,,,
9.774436090225564,88.49005443678743,,,
9.784461152882205,88.70433340372006,,,
9.794486215538846,88.91884672705896,,,
9.804511278195488,89.13358350650901,,,
9.814536340852131,89.34853284176916,,,
9.824561403508772,89.56368383254289,,,
9.834586466165414,89.7790255785319,,,
9.844611528822055,89.99454717943945,,,
9.854636591478696,90.2102377349654,,,
9.864661654135338,90.42608634481371,,,
9.87468671679198,90.64208210868355,,,
9.884711779448622,90.85821412628002,,,
9.894736842105264,91.07447149730342,,,
9.904761904761905,91.29084332145612,,,
9.914786967418546,91.50731869844049,,,
9.924812030075188,91.7238867279575,,,
9.93483709273183,91.94053650971,,,
9.94486215538847,92.15725714339919,,,
9.954887218045112,92.37403772872813,,,
9.964912280701753,92.59086736539803,,,
9.974937343358397,92.80773515311125,,,
9.984962406015038,93.02463019156858,,,
9.99498746867168,93.24154158047418,,,
10.00501253132832,93.45845841952791,,,
10.015037593984962,93.67536980843283,,,
10.025062656641603,93.89226484689061,,,
10.035087719298247,94.10913263460407,,,
10.045112781954888,94.32596227127283,,,
10.05513784461153,94.54274285660222,,,
10.06516290726817,94.75946349029141,,,
10.075187969924812,94.97611327204436,,,
10.085213032581454,95.19268130156092,,,
10.095238095238095,95.40915667854529,,,
10.105263157894736,95.62552850269753,,,
10.115288220551378,95.84178587372185,,,
10.125313283208019,96.05791789131717,,,
10.13533834586466,96.27391365518906,,,
10.145363408521304,96.48976226503578,,,
10.155388471177945,96.70545282056287,,,
10.165413533834586,96.92097442146905,,,
10.175438596491228,97.13631616745897,,,
10.185463659147869,97.3514671582318,,,
10.195488721804512,97.56641649349308,,,
10.205513784461154,97.78115327294199,,,
10.215538847117795,97.99566659628135,,,
10.225563909774436,98.20994556321352,,,
10.235588972431078,98.4239792734395,,,
10.24561403508772,98.63775682666255,,,
10.25563909774436,98.85126732258391,,,
10.265664160401002,99.0644998609057,,,
10.275689223057643,99.27744354133006,,,
10.285714285714285,99.49008746355776,,,
10.295739348370926,99.70242072729275,,,
10.30576441102757,99.91443243223512,,,
10.31578947368421,100.12611167808791,,,
10.325814536340852,100.33744756455326,,,
10.335839598997493,100.54842919133239,,,
10.345864661654135,100.75904565812812,,,
10.355889724310778,100.96928606464166,,,
10.36591478696742,101.1791395105763,,,
10.37593984962406,101.38859509563167,,,
10.385964912280702,101.59764191951217,,,
10.395989974937343,101.80626908191743,,,
10.406015037593985,102.01446568255187,,,
10.416040100250626,102.22222082111625,,,
10.426065162907268,102.42952359731203,,,
10.436090225563909,102.63636311084224,,,
10.44611528822055,102.84272846140811,,,
10.456140350877192,103.04860874871156,,,
10.466165413533835,103.25399307245539,,,
10.476190476190476,103.45887053234037,,,
10.486215538847118,103.66323022807069,,,
10.496240601503759,103.86706125934438,,,
10.5062656641604,104.07035272586836,,,
10.516290726817044,104.27309372734044,,,
10.526315789473685,104.4752733634648,,,
10.536340852130326,104.67688073394243,,,
10.546365914786968,104.87790493847683,,,
10.556390977443609,105.07833507676764,,,
10.56641604010025,105.27816024851927,,,
10.576441102756892,105.47736955343112,,,
10.586466165413533,105.67595209120759,,,
10.596491228070175,105.87389696154855,,,
10.606516290726816,106.07119326415864,,,
10.616541353383457,106.26783009873634,,,
10.6265664160401,106.4637965649872,,,
10.636591478696742,106.65908176261019,,,
10.646616541353383,106.85367479130923,,,
10.656641604010025,107.0475647507858,,,
10.666666666666666,107.24074074074156,,,
10.67669172932331,107.43319186087888,,,
10.68671679197995,107.62490721089921,,,
10.696741854636592,107.81587589050514,,,
10.706766917293233,108.0060869993979,,,
10.716791979949875,108.19552963727983,,,
10.726817042606516,108.38419290385355,,,
10.736842105263158,108.57206589882026,,,
10.746867167919799,108.75913772188142,,,
10.75689223057644,108.94539747274052,,,
10.766917293233082,109.13083425109858,,,
10.776942355889723,109.31543715665748,,,
10.786967418546366,109.49919528911937,,,
10.796992481203008,109.68209774818752,,,
10.807017543859649,109.8641336335611,,,
10.81704260651629,110.0452920449452,,,
10.827067669172932,110.22556208203832,,,
10.837092731829575,110.40493284454669,,,
10.847117794486216,110.58339343216812,,,
10.857142857142858,110.76093294460793,,,
10.867167919799499,110.93754048156507,,,
10.87719298245614,111.11320514274439,,,
10.887218045112782,111.28791602784509,,,
10.897243107769423,111.46166223657247,,,
10.907268170426065,111.63443286862457,,,
10.917293233082706,111.80621702370718,,,
10.927318295739347,111.97700380151878,,,
10.937343358395989,112.14678230176469,,,
10.947368421052632,112.31554162414454,,,
10.957393483709273,112.48327086836116,,,
10.967418546365915,112.64995913411622,,,
10.977443609022556,112.81559552111253,,,
10.987468671679197,112.98016912904995,,,
10.99749373433584,113.14366905763313,,,
11.007518796992482,113.30608440656283,,,
11.017543859649123,113.46740427554028,,,
11.027568922305765,113.62761776426896,,,
11.037593984962406,113.78671397244989,,,
11.047619047619047,113.94468199978519,,,
11.057644110275689,114.10151094597677,,,
11.06766917293233,114.25718991072677,,,
11.077694235588972,114.41170799373708,,,
11.087719298245613,114.5650542947094,,,
11.097744360902254,114.71721791334676,,,
11.107769423558898,114.86818794935016,,,
11.117794486215539,115.01795350242196,,,
11.12781954887218,115.16650367226316,,,
11.137844611528822,115.31382755857703,,,
11.147869674185463,115.45991426106525,,,
11.157894736842106,115.60475287942927,,,
11.167919799498748,115.74833251337213,,,
11.177944862155389,115.8906422625937,,,
11.18796992481203,116.03167122679929,,,
11.197994987468672,116.17140850568694,,,
11.208020050125313,116.30984319896265,,,
11.218045112781954,116.44696440632401,,,
11.228070175438596,116.58276122747748,,,
11.238095238095237,116.71722276212085,,,
11.248120300751879,116.8503381099606,,,
11.25814536340852,116.98209637069363,,,
11.268170426065163,117.11248664402729,,,
11.278195488721805,117.24149802965849,,,
11.288220551378446,117.36911962729346,,,
11.298245614035087,117.49534053663024,,,
11.308270676691729,117.6201498573746,,,
11.318295739348372,117.74353668922504,,,
11.328320802005013,117.86549013188619,,,
11.338345864661655,117.98599928505837,,,
11.348370927318296,118.10505324844462,,,
11.358395989974937,118.22264112174639,,,
11.368421052631579,118.3387520046665,,,
11.37844611528822,118.4533749969055,,,
11.388471177944862,118.56649919816596,,,
11.398496240601503,118.6781137081507,,,
11.408521303258144,118.78820762656142,,,
11.418546365914786,118.8967700530975,,,
11.428571428571429,119.00379008746495,,,
11.43859649122807,119.10925682936318,,,
11.448621553884712,119.21315937849477,,,
11.458646616541353,119.31548683456185,,,
11.468671679197994,119.41622829726612,,,
11.478696741854638,119.51537286631014,,,
11.488721804511279,119.61290964139425,,,
11.49874686716792,119.70882772222376,,,
11.508771929824562,119.80311620849625,,,
11.518796992481203,119.89576419991795,,,
11.528822055137844,119.98676079618758,,,
11.538847117794486,120.07609509700978,,,
11.548872180451127,120.16375620208419,,,
11.558897243107769,120.24973321111383,,,
11.56892230576441,120.3340152238004,,,
11.578947368421051,120.41659133984672,,,
11.588972431077694,120.49745065895331,,,
11.598997493734336,120.57658228082437,,,
11.609022556390977,120.65397530515816,,,
11.619047619047619,120.72961883166113,,,
11.62907268170426,120.80350196003087,,,
11.639097744360903,120.87561378997339,,,
11.649122807017545,120.9459434211883,,,
11.659147869674186,121.01447995337867,,,
11.669172932330827,121.08121248624525,,,
11.679197994987469,121.14613011949041,,,
11.68922305764411,121.20922195281719,,,
11.699248120300751,121.27047708592727,,,
11.709273182957393,121.32988461852005,,,
11.719298245614034,121.38743365030155,,,
11.729323308270676,121.44311328096978,,,
11.739348370927317,121.49691261023122,,,
11.74937343358396,121.54882073778322,,,
11.759398496240602,121.59882676333109,,,
11.769423558897243,121.64691978657493,,,
11.779448621553884,121.69308890721754,,,
11.789473684210526,121.73732322496107,,,
11.799498746867169,121.77961183950629,,,
11.80952380952381,121.81994385055737,,,
11.819548872180452,121.8583083578144,,,
11.829573934837093,121.89469446097974,,,
11.839598997493734,121.92909125975552,,,
11.849624060150376,121.96148785384366,,,
11.859649122807017,121.99187334294629,,,
11.869674185463658,122.02023682676486,,,
11.8796992481203,122.04656740500263,,,
11.889724310776941,122.07085417735993,,,
11.899749373433583,122.09308624354026,,,
11.909774436090226,122.11325270324437,,,
11.919799498746867,122.13134265617441,,,
11.929824561403509,122.14734520203388,,,
11.93984962406015,122.16124944052194,,,
11.949874686716791,122.1730444713437,,,
11.959899749373434,122.18271939419856,,,
11.969924812030076,122.19026330879115,,,
11.979949874686717,122.19566531481973,,,
11.989974937343359,122.19891451199032,,,
12.0,122.20000000000073,,,
12.0,122.19999999999891,,,
12.010025062656641,122.19725147663121,,,
12.020050125313283,122.18902430667185,,,
12.030075187969924,122.17534609036375,,,
12.040100250626566,122.15624442794433,,,
12.050125313283209,122.13174691964014,,,
12.06015037593985,122.10188116568679,,,
12.070175438596491,122.06667476632356,,,
12.080200501253133,122.02615532178424,,,
12.090225563909774,121.98035043230084,,,
12.100250626566416,121.9292876981126,,,
12.110275689223057,121.87299471944789,,,
12.1203007518797,121.81149909654596,,,
12.130325814536342,121.7448284296388,,,
12.140350877192983,121.67301031896204,,,
12.150375939849624,121.59607236475676,,,
12.160401002506266,121.5140421672495,,,
12.170426065162907,121.42694732667223,,,
12.180451127819548,121.33481544326605,,,
12.19047619047619,121.23767411726658,,,
12.200501253132831,121.1355509489058,,,
12.210526315789474,121.02847353841753,,,
12.220551378446116,120.91646948603557,,,
12.230576441102757,120.799566392001,,,
12.240601503759398,120.67779185654399,,,
12.25062656641604,120.55117347989471,,,
12.260651629072681,120.41973886229789,,,
12.270676691729323,120.28351560397823,,,
12.280701754385966,120.14253130518046,,,
12.290726817042607,119.99681356612928,,,
12.300751879699249,119.8463899870676,,,
12.31077694235589,119.69128816822194,,,
12.320802005012531,119.5315357098334,,,
12.330827067669173,119.36716021213579,,,
12.340852130325814,119.19818927536107,,,
12.350877192982455,119.02465049975035,,,
12.360902255639097,118.84657148552833,,,
12.37092731829574,118.66397983293973,,,
12.380952380952381,118.47690314220927,,,
12.390977443609023,118.28536901357984,,,
12.401002506265664,118.08940504728162,,,
12.411027568922306,117.88903884355568,,,
12.421052631578947,117.68429800262675,,,
12.431077694235588,117.47521012473226,,,
12.441102756892231,117.2618028101133,,,
12.451127819548873,117.04410365900367,,,
12.461152882205514,116.82214027162809,,,
12.471177944862156,116.59594024822945,,,
12.481203007518797,116.36553118904703,,,
12.491228070175438,116.13094069430372,,,
12.50125313283208,115.89219636423877,,,
12.511278195488721,115.64932579909328,,,
12.521303258145362,115.40235659909195,,,
12.531328320802006,115.15131636447768,,,
12.541353383458647,114.89623269548065,,,
12.551378446115288,114.6371331923383,,,
12.56140350877193,114.3740454552808,,,
12.571428571428571,114.10699708454558,,,
12.581453634085213,113.83601568037193,,,
12.591478696741854,113.56112884298818,,,
12.601503759398497,113.28236417262815,,,
12.611528822055138,112.99974926952927,,,
12.62155388471178,112.71331173393082,,,
12.631578947368421,112.42307916605932,,,
12.641604010025063,112.12907916615586,,,
12.651629072681704,111.83133933444878,,,
12.661654135338345,111.52988727117736,,,
12.671679197994987,111.22475057657539,,,
12.681704260651628,110.91595685087486,,,
12.691729323308271,110.60353369431868,,,
12.701754385964913,110.2875087071352,,,
12.711779448621554,109.96790948955459,,,
12.721804511278195,109.64476364181792,,,
12.731829573934837,109.31809876416446,,,
12.741854636591478,108.98794245681529,,,
12.75187969924812,108.65432232001695,,,
12.761904761904763,108.3172659539996,,,
12.771929824561404,107.97680095900068,,,
12.781954887218046,107.63295493525038,,,
12.791979949874687,107.2857554829825,,,
12.802005012531328,106.93523020243993,,,
12.81203007518797,106.58140669385102,,,
12.822055137844611,106.22431255745141,,,
12.832080200501252,105.86397539347308,,,
12.842105263157894,105.50042280215894,,,
12.852130325814537,105.1336823837355,,,
12.862155388471178,104.76378173844205,,,
12.87218045112782,104.39074846650874,,,
12.882205513784461,104.01461016817666,,,
12.892230576441102,103.63539444367416,,,
12.902255639097744,103.25312889323686,,,
12.912280701754385,102.86784111710767,,,
12.922305764411028,102.47955871550766,,,
12.93233082706767,102.0883092886852,,,
12.942355889724311,101.69412043686316,,,
12.952380952380953,101.29701976028628,,,
12.962406015037594,100.89703485918108,,,
12.972431077694235,100.49419333378682,,,
12.982456140350877,100.08852278433915,,,
12.992481203007518,99.68005081106821,,,
13.00250626566416,99.2688050142151,,,
13.012531328320803,98.85481299400453,,,
13.022556390977444,98.43810235068304,,,
13.032581453634085,98.01870068447533,,,
13.042606516290727,97.59663559562068,,,
13.052631578947368,97.17193468435835,,,
13.06265664160401,96.74462555091486,,,
13.072681704260651,96.31473579552585,,,
13.082706766917294,95.88229301842694,,,
13.092731829573935,95.44732481986102,,,
13.102756892230577,95.00985880004919,,,
13.112781954887218,94.56992255923979,,,
13.12280701754386,94.12754369765571,,,
13.132832080200501,93.68274981553986,,,
13.142857142857142,93.2355685131206,,,
13.152882205513784,92.78602739063172,,,
13.162907268170425,92.33415404832158,,,
13.172932330827068,91.87997608641308,,,
13.18295739348371,91.42352110513457,,,
13.192982456140351,90.96481670473258,,,
13.203007518796992,90.50389048544457,,,
13.213032581453634,90.04077004749342,,,
13.223057644110275,89.57548299111659,,,
13.233082706766917,89.10805691655878,,,
13.24310776942356,88.63851942404472,,,
13.253132832080201,88.16689811381002,,,
13.263157894736842,87.69322058609032,,,
13.273182957393484,87.21751444112306,,,
13.283208020050125,86.73980727914022,,,
13.293233082706767,86.26012670038108,,,
13.303258145363408,85.77850030507216,,,
13.31328320802005,85.29495569345454,,,
13.32330827067669,84.80952046576022,,,
13.333333333333334,84.32222222222117,,,
13.343358395989975,83.83308856307849,,,
13.353383458646617,83.3421470885678,,,
13.363408521303258,82.84942539891563,,,
13.3734335839599,82.35495109435578,,,
13.38345864661654,81.85875177513844,,,
13.393483709273182,81.36085504147923,,,
13.403508771929825,80.86128849362831,,,
13.413533834586467,80.36007973180858,,,
13.423558897243108,79.85725635626295,,,
13.43358395989975,79.35284596721976,,,
13.443609022556391,78.84687616491647,,,
13.453634085213032,78.3393745495905,,,
13.463659147869674,77.83036872147022,,,
13.473684210526315,77.31988628079489,,,
13.483709273182956,76.80795482780377,,,
13.4937343358396,76.29460196272703,,,
13.503759398496241,75.77985528579302,,,
13.513784461152882,75.26374239723918,,,
13.523809523809524,74.74629089731388,,,
13.533834586466165,74.22752838623092,,,
13.543859649122806,73.70748246424046,,,
13.553884711779448,73.18618073156904,,,
13.563909774436091,72.66365078845593,,,
13.573934837092732,72.13992023513129,,,
13.583959899749374,71.6150166718362,,,
13.593984962406015,71.08896769879902,,,
13.604010025062657,70.56180091626265,,,
13.614035087719298,70.03354392444635,,,
13.62406015037594,69.50422432359846,,,
13.63408521303258,68.97386971395281,,,
13.644110275689222,68.44250769573773,,,
13.654135338345865,67.9101658691925,,,
13.664160401002507,67.37687183455091,,,
13.674185463659148,66.8426531920486,,,
13.68421052631579,66.30753754191574,,,
13.69423558897243,65.77155248439158,,,
13.704260651629072,65.23472561971175,,,
13.714285714285714,64.6970845481028,,,
13.724310776942357,64.15865686981306,,,
13.734335839598998,63.6194701850618,,,
13.74436090225564,63.0795520940992,,,
13.75438596491228,62.53893019714269,,,
13.764411027568922,61.99763209444791,,,
13.774436090225564,61.45568538622865,,,
13.784461152882205,60.9131176727351,,,
13.794486215538846,60.36995655419196,,,
13.804511278195488,59.82622963083486,,,
13.814536340852131,59.2819645029067,,,
13.824561403508772,58.73718877063766,,,
13.834586466165414,58.191930034256075,,,
13.844611528822055,57.646215894003035,,,
13.854636591478696,57.1000739501178,,,
13.864661654135338,56.55353180282327,,,
13.87468671679198,56.006617052360525,,,
13.884711779448622,55.459357298970644,,,
13.894736842105264,54.91178014288016,,,
13.904761904761905,54.36391318432288,,,
13.914786967418546,53.815784023534434,,,
13.924812030075188,53.2674202607559,,,
13.93483709273183,52.71884949621199,,,
13.94486215538847,52.170099330145604,,,
13.954887218045112,51.621197362788735,,,
13.964912280701753,51.07217119437519,,,
13.974937343358397,50.523048425142406,,,
13.984962406015038,49.97385665531874,,,
13.99498746867168,49.424623485147094,,,
14.00501253132832,48.87537651485218,,,
14.015037593984962,48.32614334468235,,,
14.025062656641603,47.776951574860504,,,
14.035087719298247,47.227828805625904,,,
14.045112781954888,46.678802637214176,,,
14.05513784461153,46.12990066985367,,,
14.06516290726817,45.581150503787285,,,
14.075187969924812,45.03257973924519,,,
14.085213032581454,44.48421597646484,,,
14.095238095238095,43.93608681568185,,,
14.105263157894736,43.38821985712093,,,
14.115288220551378,42.84064270103045,,,
14.125313283208019,42.29338294763693,,,
14.13533834586466,41.74646819717782,,,
14.145363408521304,41.19992604988329,,,
14.155388471177945,40.65378410599624,,,
14.165413533834586,40.10806996574502,,,
14.175438596491228,39.56281122936889,,,
14.185463659147869,39.01803549709439,,,
14.195488721804512,38.47377036916441,,,
14.205513784461154,37.93004344581095,,,
14.215538847117795,37.38688232726963,,,
14.225563909774436,36.84431461377062,,,
14.235588972431078,36.30236790555682,,,
14.24561403508772,35.76106980285658,,,
14.25563909774436,35.22044790590553,,,
14.265664160401002,34.68052981493747,,,
14.275689223057643,34.141343130186215,,,
14.285714285714285,33.60291545189284,,,
14.295739348370926,33.06527438028934,,,
14.30576441102757,32.528447515609514,,,
14.31578947368421,31.992462458081718,,,
14.325814536340852,31.45734680795249,,,
14.335839598997493,30.92312816545018,,,
14.345864661654135,30.389834130808595,,,
14.355889724310778,29.85749230426336,,,
14.36591478696742,29.326130286048283,,,
14.37593984962406,28.795775676402627,,,
14.385964912280702,28.26645607555656,,,
14.395989974937343,27.738199083740255,,,
14.406015037593985,27.211032301200248,,,
14.416040100250626,26.68498332816489,,,
14.426065162907268,26.160079764867987,,,
14.436090225563909,25.636349211545166,,,
14.44611528822055,25.113819268433872,,,
14.456140350877192,24.592517535760635,,,
14.466165413533835,24.072471613768357,,,
14.476190476190476,23.553709102692665,,,
14.486215538847118,23.03625760275827,,,
14.496240601503759,22.520144714206253,,,
14.5062656641604,22.00539803727588,,,
14.516290726817044,21.492045172193684,,,
14.526315789473685,20.980113719200745,,,
14.536340852130326,20.46963127852905,,,
14.546365914786968,19.960625450412408,,,
14.556390977443609,19.453123835086444,,,
14.56641604010025,18.947154032784965,,,
14.576441102756892,18.44274364373996,,,
14.586466165413533,17.93992026819251,,,
14.596491228070175,17.438711506374602,,,
14.606516290726816,16.939144958523684,,,
14.616541353383457,16.441248224866285,,,
14.6265664160401,15.945048905643489,,,
14.636591478696742,15.450574601087283,,,
14.646616541353383,14.95785291143875,,,
14.656641604010025,14.466911436920782,,,
14.666666666666666,13.97777777777992,,,
14.67669172932331,13.490479534244514,,,
14.68671679197995,13.00504430654837,,,
14.696741854636592,12.521499694928934,,,
14.706766917293233,12.039873299621831,,,
14.716791979949875,11.56019272085905,,,
14.726817042606516,11.082485558878034,,,
14.736842105263158,10.60677941391259,,,
14.746867167919799,10.133101886189252,,,
14.75689223057644,9.661480575956375,,,
14.766917293233082,9.191943083442311,,,
14.776942355889723,8.724517008884504,,,
14.786967418546366,8.259229952507667,,,
14.796992481203008,7.796109514558339,,,
14.807017543859649,7.335183295264869,,,
14.81704260651629,6.876478894868342,,,
14.827067669172932,6.420023913595287,,,
14.837092731829575,5.965845951679512,,,
14.847117794486216,5.513972609365737,,,
14.857142857142858,5.064431486882313,,,
14.867167919799499,4.617250184461227,,,
14.87719298245614,4.172456302345381,,,
14.887218045112782,3.730077440763125,,,
14.897243107769423,3.290141199950085,,,
14.907268170426065,2.852675180143706,,,
14.917293233082706,2.417706981572337,,,
14.927318295739347,1.9852642044734239,,,
14.937343358395989,1.555374449088049,,,
14.947368421052632,1.1280653156445624,,,
14.957393483709273,0.7033644043785898,,,
14.967418546365915,0.28129931552757625,,,
14.977443609022556,-0.13810235068012844,,,
14.987468671679197,-0.5548129940052604,,,
14.99749373433584,-0.9688050142103748,,,
15.007518796992482,-1.3800508110689407,,,
15.017543859649123,-1.7885227843362372,,,
15.027568922305765,-2.1941933337857336,,,
15.037593984962406,-2.5970348591818038,,,
15.047619047619047,-2.997019760285184,,,
15.057644110275689,-3.3941204368620674,,,
15.06766917293233,-3.788309288680466,,,
15.077694235588972,-4.179558715506573,,,
15.087719298245613,-4.567841117101125,,,
15.097744360902254,-4.95312889323759,,,
15.107769423558898,-5.335394443669429,,,
15.117794486215539,-5.71461016817193,,,
15.12781954887218,-6.090748466509467,,,
15.137844611528822,-6.463781738440957,,,
15.147869674185463,-6.833682383732594,,,
15.157894736842106,-7.200422802157846,,,
15.167919799498748,-7.56397539347563,,,
15.177944862155389,-7.924312557448502,,,
15.18796992481203,-8.281406693849931,,,
15.197994987468672,-8.635230202437015,,,
15.208020050125313,-8.985755482983222,,,
15.218045112781954,-9.33295493524929,,,
15.228070175438596,-9.676800958999593,,,
15.238095238095237,-10.017265954000322,,,
15.248120300751879,-10.354322320015854,,,
15.25814536340852,-10.687942456814199,,,
15.268170426065163,-11.01809876416155,,,
15.278195488721805,-11.344763641818645,,,
15.288220551378446,-11.667909489551676,,,
15.298245614035087,-11.987508707128654,,,
15.308270676691729,-12.303533694317593,,,
15.318295739348372,-12.615956850875591,,,
15.328320802005013,-12.92475057657066,,,
15.338345864661655,-13.229887271176267,,,
15.348370927318296,-13.531339334449513,,,
15.358395989974937,-13.829079166151132,,,
15.368421052631579,-14.123079166056414,,,
15.37844611528822,-14.413311733926093,,,
15.388471177944862,-14.699749269531821,,,
15.398496240601503,-14.982364172627058,,,
15.408521303258144,-15.261128842983453,,,
15.418546365914786,-15.536015680370838,,,
15.428571428571429,-15.80699708454631,,,
15.43859649122807,-16.074045455279702,,,
15.448621553884712,-16.337133192335386,,,
15.458646616541353,-16.596232695479557,,,
15.468671679197994,-16.851316364476588,,,
15.478696741854638,-17.102356599092673,,,
15.488721804511279,-17.349325799090366,,,
15.49874686716792,-17.59219636423768,,,
15.508771929824562,-17.830940694302626,,,
15.518796992481203,-18.065531189042304,,,
15.528822055137844,-18.29594024823018,,,
15.538847117794486,-18.522140271626995,,,
15.548872180451127,-18.744103658998938,,,
15.558897243107769,-18.961802810108566,,,
15.56892230576441,-19.175210124732985,,,
15.578947368421051,-19.384298002622018,,,
15.588972431077694,-19.589038843547314,,,
15.598997493734336,-19.789405047280525,,,
15.609022556390977,-19.985369013578747,,,
15.619047619047619,-20.176903142206356,,,
15.62907268170426,-20.36397983293682,,,
15.639097744360903,-20.54657148552542,,,
15.649122807017545,-20.72465049974926,,,
15.659147869674186,-20.898189275359982,,,
15.669172932330827,-21.067160212134695,,,
15.679197994987469,-21.231535709835953,,,
15.68922305764411,-21.391288168220854,,,
15.699248120300751,-21.546389987066505,,,
15.709273182957393,-21.696813566126366,,,
15.719298245614034,-21.842531305177545,,,
15.729323308270676,-21.98351560397532,,,
15.739348370927317,-22.1197388622968,,,
15.74937343358396,-22.251173479893623,,,
15.759398496240602,-22.377791856537442,,,
15.769423558897243,-22.499566392001725,,,
15.779448621553884,-22.616469486036294,,,
15.789473684210526,-22.72847353841462,,,
15.799498746867169,-22.83555094890653,,,
15.80952380952381,-22.93767411726367,,,
15.819548872180452,-23.03481544326678,,,
15.829573934837093,-23.126947326669324,,,
15.839598997493734,-23.21404216724477,,,
15.849624060150376,-23.296072364752035,,,
15.859649122807017,-23.37301031896459,,,
15.869674185463658,-23.44482842963953,,,
15.8796992481203,-23.511499096543048,,,
15.889724310776941,-23.572994719446797,,,
15.899749373433583,-23.629287698107873,,,
15.909774436090226,-23.680350432301566,,,
15.919799498746867,-23.726155321783153,,,
15.929824561403509,-23.766674766320648,,,
15.93984962406015,-23.80188116568388,,,
15.949874686716791,-23.831746919637226,,,
15.959899749373434,-23.8562444279396,,,
15.969924812030076,-23.875346090362655,,,
15.979949874686717,-23.889024306670763,,,
15.989974937343359,-23.8972514766283,,,
16.0,-23.899999999997817,,,
##################################################
#path3 #0000FF
Reaction coordinate,Free Energy (eV),Reaction coordinate,Free Energy (eV),Tag name
0.0,0.0,0.0,0.0,S
0.010025062656641603,0.003405083710715221,4.0,181.0,TS4
0.020050125313283207,0.013597539303374925,8.0,84.5,Ime
0.03007518796992481,0.03054317346875017,12.0,132.2,TS5
0.040100250626566414,0.05420779289761201,16.0,-23.9,P
0.05012531328320802,0.08455720428073153,,,
0.06015037593984962,0.12155721430887975,,,
0.07017543859649122,0.16517362967282778,,,
0.08020050125313283,0.21537225706334664,,,
0.09022556390977443,0.2721189031712074,,,
0.10025062656641603,0.33537937468718115,,,
0.11027568922305764,0.405119478302039,,,
0.12030075187969924,0.48130502070655173,,,
0.13032581453634084,0.5639018085914907,,,
0.14035087719298245,0.6528756486476269,,,
0.15037593984962405,0.7481923475657314,,,
0.16040100250626566,0.8498177120365753,,,
0.17042606516290726,0.9577175487509295,,,
0.18045112781954886,1.0718576643995652,,,
0.19047619047619047,1.1922038656732534,,,
0.20050125313283207,1.318721959262765,,,
0.21052631578947367,1.4513777518588713,,,
0.22055137844611528,1.5901370501523433,,,
0.23057644110275688,1.7349656608339523,,,
0.24060150375939848,1.885829390594469,,,
0.2506265664160401,2.042694046124664,,,
0.2606516290726817,2.20552543411531,,,
0.2706766917293233,2.3742893612571763,,,
0.2807017543859649,2.548951634241035,,,
0.2907268170426065,2.729478059757656,,,
0.3007518796992481,2.9158344444978117,,,
0.3107769423558897,3.107986595152273,,,
0.3208020050125313,3.3059003184118105,,,
0.3308270676691729,3.5095414209671953,,,
0.3408521303258145,3.7188757095091987,,,
0.3508771929824561,3.9338689907285906,,,
0.3609022556390977,4.154487071316144,,,
0.37092731829573933,4.380695757962629,,,
0.38095238095238093,4.6124608573588155,,,
0.39097744360902253,4.849748176195477,,,
0.40100250626566414,5.0925235211633835,,,
0.41102756892230574,5.340752698953304,,,
0.42105263157894735,5.5944015162560135,,,
0.43107769423558895,5.85343577976228,,,
0.44110275689223055,6.117821296162876,,,
0.45112781954887216,6.387523872148571,,,
0.46115288220551376,6.662509314410138,,,
0.47117794486215536,6.942743429638347,,,
0.48120300751879697,7.2281920245239695,,,
0.49122807017543857,7.518820905757776,,,
0.5012531328320802,7.814595880030538,,,
0.5112781954887218,8.115482754033026,,,
0.5213032581453634,8.421447334456012,,,
0.531328320802005,8.732455427990267,,,
0.5413533834586466,9.04847284132656,,,
0.5513784461152882,9.369465381155667,,,
0.5614035087719298,9.695398854168355,,,
0.5714285714285714,10.026239067055393,,,
0.581453634085213,10.361951826507555,,,
0.5914786967418546,10.702502939215615,,,
0.6015037593984962,11.047858211870338,,,
0.6115288220551378,11.3979834511625,,,
0.6215538847117794,11.75284446378287,,,
0.631578947368421,12.112407056422219,,,
0.6416040100250626,12.476637035771317,,,
0.6516290726817042,12.845500208520935,,,
0.6616541353383458,13.21896238136185,,,
0.6716791979949874,13.596989360984827,,,
0.681704260651629,13.979546954080636,,,
0.6917293233082706,14.366600967340052,,,
0.7017543859649122,14.758117207453845,,,
0.7117794486215538,15.154061481112784,,,
0.7218045112781954,15.554399595007641,,,
0.731829573934837,15.959097355829192,,,
0.7418546365914787,16.3681205702682,,,
0.7518796992481203,16.781435045015442,,,
0.7619047619047619,17.199006586761687,,,
0.7719298245614035,17.620801002197705,,,
0.7819548872180451,18.046784098014268,,,
0.7919799498746867,18.47692168090215,,,
0.8020050125313283,18.911179557552114,,,
0.8120300751879699,19.34952353465494,,,
0.8220551378446115,19.791919418901397,,,
0.8320802005012531,20.23833301698225,,,
0.8421052631578947,20.688730135588276,,,
0.8521303258145363,21.143076581410245,,,
0.8621553884711779,21.60133816113893,,,
0.8721804511278195,22.063480681465094,,,
0.8822055137844611,22.529469949079516,,,
0.8922305764411027,22.99927177067297,,,
0.9022556390977443,23.47285195293621,,,
0.9122807017543859,23.950176302560028,,,
0.9223057644110275,24.431210626235185,,,
0.9323308270676691,24.915920730652452,,,
0.9423558897243107,25.404272422502604,,,
0.9523809523809523,25.896231508476404,,,
0.9624060150375939,26.39176379526463,,,
0.9724310776942355,26.890835089558053,,,
0.9824561403508771,27.39341119804744,,,
0.9924812030075187,27.899457927423565,,,
1.0025062656641603,28.408941084377197,,,
1.012531328320802,28.92182647559911,,,
1.0225563909774436,29.438079907780075,,,
1.0325814536340852,29.95766718761086,,,
1.0426065162907268,30.48055412178224,,,
1.0526315789473684,31.00670651698498,,,
1.06265664160401,31.536090179909856,,,
1.0726817042606516,32.06867091724764,,,
1.0827067669172932,32.604414535689095,,,
1.0927318295739348,33.143286841925004,,,
1.1027568922305764,33.68525364264613,,,
1.112781954887218,34.23028074454325,,,
1.1228070175438596,34.77833395430713,,,
1.1328320802005012,35.329379078628534,,,
1.1428571428571428,35.88338192419825,,,
1.1528822055137844,36.440308297707034,,,
1.162907268170426,37.00012400584567,,,
1.1729323308270676,37.56279485530492,,,
1.1829573934837092,38.12828665277555,,,
1.1929824561403508,38.69656520494835,,,
1.2030075187969924,39.26759631851407,,,
1.213032581453634,39.841345800163495,,,
1.2230576441102756,40.4177794565874,,,
1.2330827067669172,40.99686309447653,,,
1.2431077694235588,41.57856252052169,,,
1.2531328320802004,42.16284354141362,,,
1.263157894736842,42.74967196384311,,,
1.2731829573934836,43.33901359450095,,,
1.2832080200501252,43.930834240077864,,,
1.2932330827067668,44.52509970726465,,,
1.3032581453634084,45.121775802752076,,,
1.31328320802005,45.72082833323092,,,
1.3233082706766917,46.32222310539195,,,
1.3333333333333333,46.925925925925924,,,
1.3433583959899749,47.53190260152362,,,
1.3533834586466165,48.14011893887582,,,
1.363408521303258,48.75054074467328,,,
1.3734335839598997,49.36313382560678,,,
1.3834586466165413,49.9778639883671,,,
1.3934837092731829,50.59469703964498,,,
1.4035087719298245,51.21359878613122,,,
1.413533834586466,51.834535034516584,,,
1.4235588972431077,52.45747159149183,,,
1.4335839598997493,53.08237426374775,,,
1.443609022556391,53.709208857975106,,,
1.4536340852130325,54.33794118086466,,,
1.463659147869674,54.96853703910721,,,
1.4736842105263157,55.600962239393496,,,
1.4837092731829573,56.235182588414304,,,
1.493734335839599,56.871163892860395,,,
1.5037593984962405,57.50887195942254,,,
1.5137844611528821,58.148272594791536,,,
1.5238095238095237,58.78933160565813,,,
1.5338345864661653,59.43201479871309,,,
1.543859649122807,60.07628798064721,,,
1.5538847117794485,60.72211695815125,,,
1.5639097744360901,61.369467537915966,,,
1.5739348370927317,62.01830552663213,,,
1.5839598997493733,62.668596730990544,,,
1.593984962406015,63.32030695768194,,,
1.6040100250626566,63.97340201339712,,,
1.6140350877192982,64.62784770482685,,,
1.6240601503759398,65.28360983866189,,,
1.6340852130325814,65.94065422159301,,,
1.644110275689223,66.59894666031099,,,
1.6541353383458646,67.25845296150659,,,
1.6641604010025062,67.9191389318706,,,
1.6741854636591478,68.58097037809377,,,
1.6842105263157894,69.24391310686687,,,
1.694235588972431,69.90793292488071,,,
1.7042606516290726,70.57299563882601,,,
1.7142857142857142,71.23906705539359,,,
1.7243107769423558,71.90611298127418,,,
1.7343358395989974,72.57409922315854,,,
1.744360902255639,73.2429915877375,,,
1.7543859649122806,73.91275588170177,,,
1.7644110275689222,74.58335791174217,,,
1.7744360902255638,75.25476348454946,,,
1.7844611528822054,75.92693840681439,,,
1.794486215538847,76.59984848522775,,,
1.8045112781954886,77.27345952648027,,,
1.8145363408521302,77.9477373372628,,,
1.8245614035087718,78.62264772426602,,,
1.8345864661654134,79.29815649418077,,,
1.844611528822055,79.9742294536978,,,
1.8546365914786966,80.65083240950788,,,
1.8646616541353382,81.32793116830179,,,
1.8746867167919798,82.00549153677026,,,
1.8847117794486214,82.6834793216041,,,
1.894736842105263,83.36186032949408,,,
1.9047619047619047,84.04060036713096,,,
1.9147869674185463,84.71966524120552,,,
1.9248120300751879,85.39902075840853,,,
1.9348370927318295,86.07863272543075,,,
1.944862155388471,86.75846694896298,,,
1.9548872180451127,87.43848923569595,,,
1.9649122807017543,88.11866539232042,,,
1.9749373433583959,88.79896122552724,,,
1.9849624060150375,89.4793425420071,,,
1.994987468671679,90.15977514845082,,,
2.0050125313283207,90.84022485154915,,,
2.015037593984962,91.52065745799285,,,
2.025062656641604,92.20103877447275,,,
2.0350877192982457,92.88133460767956,,,
2.045112781954887,93.56151076430405,,,
2.0551378446115285,94.24153305103701,,,
2.0651629072681703,94.92136727456922,,,
2.075187969924812,95.60097924159146,,,
2.0852130325814535,96.28033475879445,,,
2.095238095238095,96.959399632869,,,
2.1052631578947367,97.6381396705059,,,
2.1152882205513786,98.31652067839589,,,
2.12531328320802,98.99450846322972,,,
2.1353383458646613,99.6720688316982,,,
2.145363408521303,100.3491675904921,,,
2.155388471177945,101.0257705463022,,,
2.1654135338345863,101.70184350581921,,,
2.1754385964912277,102.37735227573394,,,
2.1854636591478696,103.0522626627372,,,
2.1954887218045114,103.72654047351972,,,
2.2055137844611528,104.40015151477225,,,
2.215538847117794,105.07306159318559,,,
2.225563909774436,105.74523651545053,,,
2.235588972431078,106.41664208825783,,,
2.245614035087719,107.0872441182982,,,
2.2556390977443606,107.75700841226248,,,
2.2656641604010024,108.42590077684144,,,
2.275689223057644,109.09388701872582,,,
2.2857142857142856,109.76093294460641,,,
2.295739348370927,110.42700436117396,,,
2.305764411027569,111.09206707511926,,,
2.3157894736842106,111.75608689313313,,,
2.325814536340852,112.41902962190623,,,
2.3358395989974934,113.08086106812938,,,
2.345864661654135,113.7415470384934,,,
2.355889724310777,114.401053339689,,,
2.3659147869674184,115.05934577840696,,,
2.37593984962406,115.7163901613381,,,
2.3859649122807016,116.37215229517314,,,
2.3959899749373434,117.02659798660288,,,
2.406015037593985,117.67969304231804,,,
2.416040100250626,118.33140326900943,,,
2.426065162907268,118.98169447336784,,,
2.43609022556391,119.63053246208403,,,
2.4461152882205512,120.27788304184874,,,
2.4561403508771926,120.92371201935275,,,
2.4661654135338344,121.56798520128689,,,
2.4761904761904763,122.21066839434188,,,
2.4862155388471177,122.85172740520846,,,
2.496240601503759,123.49112804057744,,,
2.506265664160401,124.12883610713959,,,
2.5162907268170427,124.7648174115857,,,
2.526315789473684,125.39903776060649,,,
2.5363408521303255,126.03146296089275,,,
2.5463659147869673,126.66205881913531,,,
2.556390977443609,127.2907911420249,,,
2.5664160401002505,127.91762573625225,,,
2.576441102756892,128.54252840850816,,,
2.5864661654135337,129.1654649654834,,,
2.5964912280701755,129.78640121386877,,,
2.606516290726817,130.405302960355,,,
2.6165413533834583,131.02213601163288,,,
2.6265664160401,131.63686617439322,,,
2.636591478696742,132.24945925532674,,,
2.6466165413533833,132.85988106112418,,,
2.6566416040100247,133.46809739847637,,,
2.6666666666666665,134.07407407407408,,,
2.6766917293233083,134.67777689460806,,,
2.6867167919799497,135.27917166676906,,,
2.696741854636591,135.87822419724787,,,
2.706766917293233,136.47490029273533,,,
2.7167919799498748,137.06916575992213,,,
2.726817042606516,137.66098640549907,,,
2.7368421052631575,138.25032803615687,,,
2.7468671679197993,138.83715645858635,,,
2.756892230576441,139.4214374794783,,,
2.7669172932330826,140.00313690552343,,,
2.776942355889724,140.58222054341257,,,
2.7869674185463658,141.1586541998365,,,
2.7969924812030076,141.73240368148592,,,
2.807017543859649,142.30343479505166,,,
2.8170426065162903,142.87171334722444,,,
2.827067669172932,143.43720514469504,,,
2.837092731829574,143.99987599415434,,,
2.8471177944862154,144.55969170229295,,,
2.8571428571428568,145.1166180758017,,,
2.8671679197994986,145.67062092137147,,,
2.8771929824561404,146.22166604569287,,,
2.887218045112782,146.76971925545672,,,
2.897243107769423,147.31474635735384,,,
2.907268170426065,147.856713158075,,,
2.917293233082707,148.3955854643109,,,
2.927318295739348,148.93132908275234,,,
2.9373433583959896,149.46390982009012,,,
2.9473684210526314,149.993293483015,,,
2.9573934837092732,150.51944587821777,,,
2.9674185463659146,151.0423328123891,,,
2.977443609022556,151.5619200922199,,,
2.987468671679198,152.07817352440088,,,
2.9974937343358397,152.5910589156228,,,
3.007518796992481,153.10054207257642,,,
3.0175438596491224,153.6065888019525,,,
3.0275689223057642,154.10916491044196,,,
3.037593984962406,154.60823620473536,,,
3.0476190476190474,155.1037684915236,,,
3.057644110275689,155.59572757749737,,,
3.0676691729323307,156.08407926934757,,,
3.0776942355889725,156.56878937376482,,,
3.087719298245614,157.04982369743996,,,
3.0977443609022552,157.52714804706375,,,
3.107769423558897,158.000728229327,,,
3.117794486215539,158.4705300509205,,,
3.1278195488721803,158.9365193185349,,,
3.1378446115288217,159.39866183886107,,,
3.1478696741854635,159.85692341858973,,,
3.1578947368421053,160.31126986441174,,,
3.1679197994987467,160.76166698301773,,,
3.177944862155388,161.20808058109859,,,
3.18796992481203,161.65047646534504,,,
3.1979949874686717,162.08882044244788,,,
3.208020050125313,162.52307831909783,,,
3.2180451127819545,162.95321590198571,,,
3.2280701754385963,163.3791989978023,,,
3.238095238095238,163.80099341323833,,,
3.2481203007518795,164.21856495498454,,,
3.258145363408521,164.63187942973178,,,
3.2681704260651627,165.04090264417079,,,
3.2781954887218046,165.44560040499238,,,
3.288220551378446,165.8459385188872,,,
3.2982456140350873,166.24188279254614,,,
3.308270676691729,166.63339903265995,,,
3.318295739348371,167.0204530459194,,,
3.3283208020050123,167.40301063901518,,,
3.3383458646616537,167.78103761863812,,,
3.3483709273182956,168.15449979147905,,,
3.3583959899749374,168.52336296422868,,,
3.3684210526315788,168.88759294357777,,,
3.37844611528822,169.24715553621712,,,
3.388471177944862,169.6020165488375,,,
3.398496240601504,169.95214178812967,,,
3.408521303258145,170.2974970607844,,,
3.4185463659147866,170.63804817349245,,,
3.4285714285714284,170.9737609329446,,,
3.43859649122807,171.30460114583167,,,
3.4486215538847116,171.63053461884434,,,
3.458646616541353,171.95152715867343,,,
3.468671679197995,172.26754457200974,,,
3.4786967418546366,172.578552665544,,,
3.488721804511278,172.884517245967,,,
3.4987468671679194,173.18540411996946,,,
3.508771929824561,173.48117909424224,,,
3.518796992481203,173.771807975476,,,
3.5288220551378444,174.05725657036166,,,
3.538847117794486,174.33749068558984,,,
3.5488721804511276,174.61247612785144,,,
3.5588972431077694,174.8821787038371,,,
3.568922305764411,175.14656422023774,,,
3.578947368421052,175.405598483744,,,
3.588972431077694,175.6592473010467,,,
3.598997493734336,175.9074764788366,,,
3.6090225563909772,176.1502518238045,,,
3.6190476190476186,176.3875391426412,,,
3.6290726817042605,176.61930424203734,,,
3.6390977443609023,176.84551292868386,,,
3.6491228070175437,177.0661310092714,,,
3.659147869674185,177.28112429049082,,,
3.669172932330827,177.4904585790328,,,
3.6791979949874687,177.69409968158817,,,
3.68922305764411,177.89201340484772,,,
3.6992481203007515,178.08416555550215,,,
3.7092731829573933,178.27052194024233,,,
3.719298245614035,178.45104836575896,,,
3.7293233082706765,178.6257106387428,,,
3.739348370927318,178.79447456588466,,,
3.7493734335839597,178.95730595387533,,,
3.7593984962406015,179.11417060940553,,,
3.769423558897243,179.26503433916602,,,
3.7794486215538843,179.40986294984765,,,
3.789473684210526,179.54862224814113,,,
3.799498746867168,179.68127804073723,,,
3.8095238095238093,179.80779613432674,,,
3.8195488721804507,179.92814233560043,,,
3.8295739348370925,180.0422824512491,,,
3.8395989974937343,180.15018228796342,,,
3.8496240601503757,180.25180765243425,,,
3.859649122807017,180.34712435135236,,,
3.869674185463659,180.43609819140852,,,
3.8796992481203008,180.51869497929343,,,
3.889724310776942,180.59488052169795,,,
3.8997493734335835,180.6646206253128,,,
3.9097744360902253,180.7278810968288,,,
3.919799498746867,180.78462774293666,,,
3.9298245614035086,180.83482637032716,,,
3.93984962406015,180.8784427856911,,,
3.9498746867167918,180.9154427957193,,,
3.9598997493734336,180.9457922071024,,,
3.969924812030075,180.96945682653123,,,
3.9799498746867163,180.9864024606966,,,
3.989974937343358,180.9965949162893,,,
4.0,181.0,,,
4.0,181.0,,,
4.010025062656641,180.99818458244158,,,
4.020050125313283,180.99275048318913,,,
4.030075187969925,180.98371593237715,,,
4.040100250626566,180.97109916014023,,,
4.050125313283208,180.95491839661275,,,
4.06015037593985,180.9351918719293,,,
4.0701754385964914,180.91193781622422,,,
4.080200501253133,180.8851744596319,,,
4.090225563909774,180.85492003228717,,,
4.100250626566416,180.82119276432422,,,
4.110275689223058,180.7840108858776,,,
4.120300751879699,180.74339262708185,,,
4.130325814536341,180.69935621807144,,,
4.140350877192983,180.65191988898073,,,
4.150375939849624,180.60110186994427,,,
4.160401002506266,180.54692039109653,,,
4.170426065162907,180.48939368257197,,,
4.180451127819548,180.42853997450516,,,
4.190476190476191,180.3643774970305,,,
4.200501253132832,180.29692448028254,,,
4.2105263157894735,180.22619915439566,,,
4.220551378446116,180.1522197495044,,,
4.230576441102757,180.07500449574326,,,
4.2406015037593985,179.9945716232466,,,
4.25062656641604,179.91093936214907,,,
4.260651629072681,179.82412594258506,,,
4.2706766917293235,179.73414959468892,,,
4.280701754385965,179.64102854859533,,,
4.290726817042606,179.5447810344387,,,
4.3007518796992485,179.44542528235343,,,
4.31077694235589,179.34297952247414,,,
4.320802005012531,179.23746198493507,,,
4.330827067669173,179.12889089987107,,,
4.340852130325814,179.01728449741637,,,
4.350877192982456,178.90266100770543,,,
4.360902255639098,178.78503866087289,,,
4.370927318295739,178.66443568705313,,,
4.380952380952381,178.5408703163805,,,
4.390977443609023,178.4143607789897,,,
4.401002506265664,178.284925305015,,,
4.4110275689223055,178.15258212459116,,,
4.421052631578947,178.01734946785245,,,
4.431077694235589,177.87924556493329,,,
4.4411027568922306,177.7382886459684,,,
4.451127819548872,177.59449694109207,,,
4.461152882205514,177.44788868043872,,,
4.471177944862156,177.29848209414308,,,
4.481203007518797,177.14629541233944,,,
4.491228070175438,176.99134686516237,,,
4.50125313283208,176.83365468274627,,,
4.511278195488722,176.67323709522555,,,
4.521303258145363,176.51011233273488,,,
4.531328320802005,176.34429862540867,,,
4.541353383458647,176.1758142033812,,,
4.551378446115288,176.0046772967873,,,
4.56140350877193,175.8309061357611,,,
4.571428571428571,175.6545189504373,,,
4.581453634085213,175.47553397095038,,,
4.591478696741855,175.29396942743472,,,
4.601503759398496,175.10984355002495,,,
4.611528822055138,174.92317456885542,,,
4.62155388471178,174.73398071406052,,,
4.631578947368421,174.54228021577495,,,
4.641604010025063,174.34809130413294,,,
4.651629072681704,174.1514322092691,,,
4.661654135338345,173.95232116131808,,,
4.671679197994988,173.75077639041405,,,
4.681704260651629,173.5468161266918,,,
4.69172932330827,173.34045860028556,,,
4.701754385964913,173.1317220413298,,,
4.711779448621554,172.92062467995925,,,
4.7218045112781954,172.70718474630814,,,
4.731829573934837,172.49142047051095,,,
4.741854636591478,172.2733500827024,,,
4.7518796992481205,172.05299181301666,,,
4.761904761904762,171.8303638915885,,,
4.771929824561403,171.60548454855206,,,
4.7819548872180455,171.3783720140422,,,
4.791979949874687,171.1490445181929,,,
4.802005012531328,170.91752029113923,,,
4.81203007518797,170.68381756301545,,,
4.822055137844611,170.447954563956,,,
4.832080200501253,170.20994952409512,,,
4.842105263157895,169.96982067356754,,,
4.852130325814536,169.7275862425078,,,
4.862155388471178,169.48326446105023,,,
4.87218045112782,169.23687355932947,,,
4.882205513784461,168.98843176747965,,,
4.8922305764411025,168.73795731563558,,,
4.902255639097744,168.48546843393177,,,
4.912280701754386,168.2309833525025,,,
4.9223057644110275,167.97452030148224,,,
4.932330827067669,167.71609751100573,,,
4.942355889724311,167.45573321120708,,,
4.9523809523809526,167.19344563222114,,,
4.962406015037594,166.92925300418216,,,
4.972431077694235,166.66317355722458,,,
4.982456140350877,166.3952255214831,,,
4.992481203007519,166.12542712709188,,,
5.00250626566416,165.8537966041858,,,
5.012531328320802,165.58035218289876,,,
5.022556390977444,165.3051120933659,,,
5.032581453634085,165.02809456572123,,,
5.042606516290727,164.74931783009953,,,
5.052631578947368,164.46880011663507,,,
5.0626566416040095,164.18655965546253,,,
5.072681704260652,163.9026146767161,,,
5.082706766917293,163.61698341053045,,,
5.0927318295739346,163.32968408703994,,,
5.102756892230577,163.0407349363793,,,
5.112781954887218,162.7501541886826,,,
5.12280701754386,162.45796007408478,,,
5.132832080200501,162.16417082272005,,,
5.142857142857142,161.86880466472303,,,
5.152882205513785,161.57187983022794,,,
5.162907268170426,161.27341454936948,,,
5.172932330827067,160.9734270522822,,,
5.18295739348371,160.6719355691003,,,
5.192982456140351,160.36895832995856,,,
5.203007518796992,160.06451356499122,,,
5.213032581453634,159.75861950433284,,,
5.223057644110275,159.45129437811784,,,
5.2330827067669174,159.14255641648077,,,
5.243107769423559,158.83242384955628,,,
5.2531328320802,158.5209149074783,,,
5.2631578947368425,158.20804782038203,,,
5.273182957393484,157.89384081840143,,,
5.283208020050125,157.5783121316711,,,
5.293233082706767,157.26147999032582,,,
5.303258145363408,156.94336262449963,,,
5.31328320802005,156.62397826432715,,,
5.323308270676692,156.30334513994285,,,
5.333333333333333,155.9814814814814,,,
5.343358395989975,155.65840551907706,,,
5.353383458646617,155.33413548286444,,,
5.363408521303258,155.008689602978,,,
5.3734335839598995,154.68208610955213,,,
5.383458646616541,154.35434323272148,,,
5.393483709273183,154.0254792026201,,,
5.4035087719298245,153.6955122493831,,,
5.413533834586466,153.36446060314444,,,
5.423558897243108,153.0323424940388,,,
5.4335839598997495,152.69917615220083,,,
5.443609022556391,152.36497980776466,,,
5.453634085213032,152.02977169086512,,,
5.463659147869674,151.69357003163634,,,
5.473684210526316,151.35639306021295,,,
5.483709273182957,151.01825900672952,,,
5.493734335839599,150.67918610132017,,,
5.503759398496241,150.3391925741202,,,
5.513784461152882,149.99829665526306,,,
5.523809523809524,149.65651657488382,,,
5.533834586466165,149.31387056311718,,,
5.5438596491228065,148.97037685009684,,,
5.553884711779449,148.62605366595812,,,
5.56390977443609,148.28091924083475,,,
5.5739348370927315,147.93499180486174,,,
5.583959899749374,147.58828958817338,,,
5.593984962406015,147.2408308209042,,,
5.6040100250626566,146.89263373318875,,,
5.614035087719298,146.54371655516132,,,
5.624060150375939,146.19409751695656,,,
5.634085213032582,145.84379484870863,,,
5.644110275689223,145.4928267805525,,,
5.654135338345864,145.14121154262222,,,
5.664160401002507,144.78896736505243,,,
5.674185463659148,144.43611247797764,,,
5.684210526315789,144.08266511153238,,,
5.694235588972431,143.72864349585103,,,
5.704260651629072,143.374065861068,,,
5.714285714285714,143.01895043731793,,,
5.724310776942356,142.6633154547352,,,
5.734335839598997,142.3071791434541,,,
5.7443609022556394,141.95055973360962,,,
5.754385964912281,141.5934754553357,,,
5.764411027568922,141.23594453876728,,,
5.774436090225564,140.87798521403863,,,
5.784461152882205,140.51961571128396,,,
5.794486215538847,140.1608542606383,,,
5.804511278195489,139.80171909223554,,,
5.81453634085213,139.4422284362106,,,
5.824561403508772,139.0824005226978,,,
5.834586466165414,138.72225358183164,,,
5.844611528822055,138.3618058437467,,,
5.854636591478696,138.0010755385773,,,
5.864661654135338,137.6400808964579,,,
5.87468671679198,137.27884014752306,,,
5.8847117794486214,136.91737152190728,,,
5.894736842105263,136.55569324974493,,,
5.904761904761905,136.19382356117052,,,
5.9147869674185465,135.8317806863186,,,
5.924812030075188,135.46958285532378,,,
5.934837092731829,135.10724829832031,,,
5.944862155388471,134.74479524544228,,,
5.954887218045113,134.38224192682515,,,
5.964912280701754,134.01960657260292,,,
5.974937343358396,133.65690741290945,,,
5.984962406015038,133.29416267788042,,,
5.994987468671679,132.93139059764906,,,
6.005012531328321,132.56860940235094,,,
6.015037593984962,132.20583732211958,,,
6.0250626566416035,131.84309258709027,,,
6.035087719298246,131.4803934273972,,,
6.045112781954887,131.11775807317474,,,
6.0551378446115285,130.75520475455744,,,
6.065162907268171,130.39275170167974,,,
6.075187969924812,130.03041714467622,,,
6.0852130325814535,129.6682193136814,,,
6.095238095238095,129.3061764388296,,,
6.105263157894736,128.94430675025524,,,
6.1152882205513786,128.58262847809272,,,
6.12531328320802,128.22115985247694,,,
6.135338345864661,127.85991910354227,,,
6.145363408521304,127.49892446142269,,,
6.155388471177945,127.13819415625323,,,
6.165413533834586,126.77774641816836,,,
6.175438596491228,126.4175994773023,,,
6.185463659147869,126.05777156378917,,,
6.195488721804511,125.69828090776446,,,
6.205513784461153,125.33914573936175,,,
6.215538847117794,124.98038428871598,,,
6.225563909774436,124.62201478596143,,,
6.235588972431078,124.26405546123277,,,
6.245614035087719,123.90652454466425,,,
6.2556390977443606,123.5494402663902,,,
6.265664160401002,123.19282085654584,,,
6.275689223057644,122.83668454526475,,,
6.285714285714286,122.48104956268207,,,
6.295739348370927,122.125934138932,,,
6.305764411027569,121.77135650414903,,,
6.315789473684211,121.41733488846768,,,
6.325814536340852,121.0638875220223,,,
6.335839598997493,120.71103263494763,,,
6.345864661654135,120.3587884573779,,,
6.355889724310777,120.00717321944751,,,
6.365914786967418,119.65620515129132,,,
6.37593984962406,119.30590248304367,,,
6.385964912280702,118.95628344483868,,,
6.3959899749373434,118.60736626681125,,,
6.406015037593985,118.2591691790957,,,
6.416040100250626,117.91171041182662,,,
6.426065162907268,117.56500819513815,,,
6.43609022556391,117.21908075916542,,,
6.446115288220551,116.87394633404193,,,
6.456140350877193,116.5296231499031,,,
6.466165413533835,116.186129436883,,,
6.476190476190476,115.84348342511618,,,
6.486215538847118,115.501703344737,,,
6.496240601503759,115.1608074258798,,,
6.5062656641604,114.8208138986796,,,
6.516290726817043,114.48174099327036,,,
6.526315789473684,114.14360693978699,,,
6.5363408521303255,113.80642996836366,,,
6.546365914786968,113.47022830913494,,,
6.556390977443609,113.13502019223534,,,
6.5664160401002505,112.80082384779922,,,
6.576441102756892,112.4676575059612,,,
6.586466165413533,112.13553939685568,,,
6.5964912280701755,111.80448775061694,,,
6.606516290726817,111.47452079737991,,,
6.616541353383458,111.14565676727875,,,
6.6265664160401005,110.81791389044781,,,
6.636591478696742,110.491310397022,,,
6.646616541353383,110.16586451713556,,,
6.656641604010025,109.84159448092305,,,
6.666666666666666,109.51851851851842,,,
6.676691729323308,109.19665486005721,,,
6.68671679197995,108.87602173567274,,,
6.696741854636591,108.55663737550054,,,
6.706766917293233,108.23852000967423,,,
6.716791979949875,107.92168786832889,,,
6.726817042606516,107.60615918159868,,,
6.7368421052631575,107.29195217961785,,,
6.746867167919799,106.97908509252153,,,
6.756892230576441,106.66757615044367,,,
6.7669172932330826,106.35744358351917,,,
6.776942355889724,106.04870562188222,,,
6.786967418546366,105.7413804956671,,,
6.796992481203008,105.43548643500878,,,
6.807017543859649,105.13104167004144,,,
6.81704260651629,104.82806443089976,,,
6.827067669172932,104.52657294771797,,,
6.837092731829574,104.22658545063047,,,
6.847117794486215,103.92812016977217,,,
6.857142857142857,103.6311953352772,,,
6.867167919799499,103.33582917727995,,,
6.87719298245614,103.04203992591533,,,
6.887218045112782,102.74984581131747,,,
6.897243107769423,102.45926506362076,,,
6.907268170426065,102.17031591296012,,,
6.917293233082707,101.88301658946955,,,
6.927318295739348,101.5973853232839,,,
6.93734335839599,101.31344034453758,,,
6.947368421052632,101.03119988336493,,,
6.957393483709273,100.75068216990041,,,
6.967418546365915,100.47190543427854,,,
6.977443609022556,100.19488790663394,,,
6.987468671679197,99.91964781710107,,,
6.99749373433584,99.6462033958141,,,
7.007518796992481,99.37457287290806,,,
7.017543859649122,99.10477447851702,,,
7.027568922305765,98.83682644277525,,,
7.037593984962406,98.57074699581784,,,
7.0476190476190474,98.30655436777886,,,
7.057644110275689,98.04426678879281,,,
7.06766917293233,97.78390248899439,,,
7.0776942355889725,97.52547969851764,,,
7.087719298245614,97.26901664749761,,,
7.097744360902255,97.01453156606846,,,
7.1077694235588975,96.76204268436442,,,
7.117794486215539,96.51156823252052,,,
7.12781954887218,96.26312644067093,,,
7.137844611528822,96.01673553894966,,,
7.147869674185463,95.77241375749219,,,
7.157894736842105,95.53017932643229,,,
7.167919799498747,95.29005047590499,,,
7.177944862155388,95.0520454360443,,,
7.18796992481203,94.81618243698455,,,
7.197994987468672,94.5824797088606,,,
7.208020050125313,94.35095548180675,,,
7.2180451127819545,94.12162798595773,,,
7.228070175438596,93.89451545144789,,,
7.238095238095238,93.66963610841145,,,
7.2481203007518795,93.44700818698317,,,
7.258145363408521,93.2266499172976,,,
7.268170426065163,93.00857952948883,,,
7.2781954887218046,92.79281525369186,,,
7.288220551378446,92.57937532004081,,,
7.298245614035087,92.36827795867015,,,
7.308270676691729,92.15954139971461,,,
7.318295739348371,91.95318387330826,,,
7.328320802005012,91.7492236095859,,,
7.338345864661654,91.54767883868203,,,
7.348370927318296,91.34856779073078,,,
7.358395989974937,91.15190869586723,,,
7.368421052631579,90.95771978422539,,,
7.37844611528822,90.76601928593936,,,
7.3884711779448615,90.5768254311447,,,
7.398496240601504,90.390156449975,,,
7.408521303258145,90.20603057256534,,,
7.4185463659147866,90.02446602904968,,,
7.428571428571429,89.84548104956258,,,
7.43859649122807,89.66909386423902,,,
7.448621553884712,89.49532270321282,,,
7.458646616541353,89.32418579661885,,,
7.468671679197994,89.15570137459144,,,
7.478696741854637,88.9898876672653,,,
7.488721804511278,88.82676290477457,,,
7.498746867167919,88.66634531725384,,,
7.508771929824562,88.5086531348378,,,
7.518796992481203,88.35370458766062,,,
7.528822055137844,88.20151790585686,,,
7.538847117794486,88.05211131956116,,,
7.548872180451127,87.90550305890787,,,
7.5588972431077694,87.76171135403166,,,
7.568922305764411,87.62075443506666,,,
7.578947368421052,87.48265053214755,,,
7.5889724310776945,87.34741787540867,,,
7.598997493734336,87.21507469498499,,,
7.609022556390977,87.08563922101024,,,
7.619047619047619,86.9591296836195,,,
7.62907268170426,86.83556431294687,,,
7.639097744360902,86.714961339127,,,
7.649122807017544,86.59733899229462,,,
7.659147869674185,86.48271550258346,,,
7.669172932330827,86.37110910012888,,,
7.679197994987469,86.26253801506476,,,
7.68922305764411,86.15702047752598,,,
7.6992481203007515,86.05457471764674,,,
7.709273182957393,85.95521896556124,,,
7.719298245614035,85.85897145140473,,,
7.7293233082706765,85.76585040531114,,,
7.739348370927318,85.675874057415,,,
7.74937343358396,85.58906063785082,,,
7.7593984962406015,85.50542837675346,,,
7.769423558897243,85.42499550425674,,,
7.779448621553884,85.34778025049542,,,
7.789473684210526,85.27380084560434,,,
7.799498746867168,85.2030755197174,,,
7.809523809523809,85.1356225029694,,,
7.819548872180451,85.07146002549496,,,
7.829573934837093,85.01060631742803,,,
7.839598997493734,84.95307960890352,,,
7.849624060150376,84.89889813005573,,,
7.859649122807017,84.84808011101939,,,
7.8696741854636585,84.80064378192861,,,
7.879699248120301,84.7566073729181,,,
7.889724310776942,84.71598911412235,,,
7.8997493734335835,84.67880723567572,,,
7.909774436090226,84.64507996771295,,,
7.919799498746867,84.61482554036792,,,
7.9298245614035086,84.58806218377589,,,
7.93984962406015,84.56480812807087,,,
7.949874686716791,84.54508160338713,,,
7.959899749373434,84.52890083985983,,,
7.969924812030075,84.51628406762273,,,
7.979949874686716,84.50724951681099,,,
7.989974937343359,84.50181541755848,,,
8.0,84.5,,,
8.0,84.49999999999955,,,
8.010025062656641,84.5008973618394,,,
8.020050125313283,84.5035834399157,,,
8.030075187969924,84.50804922306338,,,
8.040100250626566,84.51428570011717,,,
8.050125313283209,84.52228385991225,,,
8.06015037593985,84.53203469128471,,,
8.070175438596491,84.54352918306813,,,
8.080200501253133,84.55675832409861,,,
8.090225563909774,84.57171310321132,,,
8.100250626566416,84.58838450924009,,,
8.110275689223057,84.60676353102212,,,
8.1203007518797,84.62684115739034,,,
8.130325814536342,84.64860837718084,,,
8.140350877192983,84.67205617922878,,,
8.150375939849624,84.69717555236912,,,
8.160401002506266,84.72395748543727,,,
8.170426065162907,84.75239296726727,,,
8.180451127819548,84.78247298669498,,,
8.19047619047619,84.81418853255582,,,
8.200501253132831,84.84753059368359,,,
8.210526315789474,84.8824901589146,,,
8.220551378446116,84.91905821708428,,,
8.230576441102757,84.95722575702621,,,
8.240601503759398,84.99698376757578,,,
8.25062656641604,85.03832323756956,,,
8.260651629072681,85.08123515584134,,,
8.270676691729323,85.12571051122586,,,
8.280701754385966,85.1717402925592,,,
8.290726817042607,85.21931548867633,,,
8.300751879699249,85.26842708841127,,,
8.31077694235589,85.31906608060058,,,
8.320802005012531,85.37122345407852,,,
8.330827067669173,85.42489019768004,,,
8.340852130325814,85.48005730023988,,,
8.350877192982455,85.53671575059502,,,
8.360902255639097,85.59485653757861,,,
8.37092731829574,85.65447065002581,,,
8.380952380952381,85.71554907677319,,,
8.390977443609023,85.77808280665477,,,
8.401002506265664,85.84206282850505,,,
8.411027568922306,85.90748013116036,,,
8.421052631578947,85.97432570345518,,,
8.431077694235588,86.04259053422447,,,
8.441102756892231,86.11226561230319,,,
8.451127819548873,86.18334192652765,,,
8.461152882205514,86.25581046573097,,,
8.471177944862156,86.32966221874949,,,
8.481203007518797,86.4048881744186,,,
8.491228070175438,86.48147932157235,,,
8.50125313283208,86.5594266490466,,,
8.511278195488721,86.63872114567562,,,
8.521303258145362,86.71935380029572,,,
8.531328320802006,86.80131560174095,,,
8.541353383458647,86.88459753884626,,,
8.551378446115288,86.9691906004482,,,
8.56140350877193,87.0550857753799,,,
8.571428571428571,87.14227405247789,,,
8.581453634085213,87.23074642057668,,,
8.591478696741854,87.32049386851122,,,
8.601503759398497,87.41150738511669,,,
8.611528822055138,87.50377795922873,,,
8.62155388471178,87.5972965796816,,,
8.631578947368421,87.69205423531116,,,
8.641604010025063,87.78804191495124,,,
8.651629072681704,87.88525060743905,,,
8.661654135338345,87.98367130160727,,,
8.671679197994987,88.08329498629223,,,
8.681704260651628,88.18411265032887,,,
8.691729323308271,88.28611528255283,,,
8.701754385964913,88.38929387179837,,,
8.711779448621554,88.49363940690046,,,
8.721804511278195,88.59914287669471,,,
8.731829573934837,88.70579527001655,,,
8.741854636591478,88.81358757570024,,,
8.75187969924812,88.92251078258118,,,
8.761904761904763,89.03255587949434,,,
8.771929824561404,89.14371385527488,,,
8.781954887218046,89.255975698758,,,
8.791979949874687,89.36933239877885,,,
8.802005012531328,89.48377494417218,,,
8.81203007518797,89.59929432377362,,,
8.822055137844611,89.71588152641698,,,
8.832080200501252,89.83352754093926,,,
8.842105263157894,89.95222335617404,,,
8.852130325814537,90.07195996095697,,,
8.862155388471178,90.19272834412322,,,
8.87218045112782,90.3145194945073,,,
8.882205513784461,90.43732440094504,,,
8.892230576441102,90.56113405227097,,,
8.902255639097744,90.68593943732071,,,
8.912280701754385,90.81173154492853,,,
8.922305764411028,90.9385013639303,,,
8.93233082706767,91.0662398831605,,,
8.942355889724311,91.19493809145479,,,
8.952380952380953,91.32458697764764,,,
8.962406015037594,91.45517753057493,,,
8.972431077694235,91.58670073907092,,,
8.982456140350877,91.71914759197125,,,
8.992481203007518,91.85250907811064,,,
9.00250626566416,91.9867761863245,,,
9.012531328320803,92.12193990544779,,,
9.022556390977444,92.25799122431522,,,
9.032581453634085,92.3949211317622,,,
9.042606516290727,92.53272061662415,,,
9.052631578947368,92.67138066773532,,,
9.06265664160401,92.81089227393181,,,
9.072681704260651,92.95124642404767,,,
9.082706766917294,93.09243410691852,,,
9.092731829573935,93.23444631138022,,,
9.102756892230577,93.37727402626615,,,
9.112781954887218,93.52090824041215,,,
9.12280701754386,93.66533994265433,,,
9.132832080200501,93.81056012182626,,,
9.142857142857142,93.9565597667638,,,
9.152882205513784,94.10332986630146,,,
9.162907268170425,94.25086140927533,,,
9.172932330827068,94.39914538451922,,,
9.18295739348371,94.54817278086921,,,
9.192982456140351,94.69793458716026,,,
9.203007518796992,94.84842179222665,,,
9.213032581453634,94.99962538490468,,,
9.223057644110275,95.15153635402862,,,
9.233082706766917,95.30414568843366,,,
9.24310776942356,95.45744437695475,,,
9.253132832080201,95.61142340842775,,,
9.263157894736842,95.76607377168648,,,
9.273182957393484,95.92138645556702,,,
9.283208020050125,96.0773524489041,,,
9.293233082706767,96.23396274053312,,,
9.303258145363408,96.39120831928835,,,
9.31328320802005,96.54908017400544,,,
9.32330827067669,96.70756929352024,,,
9.333333333333334,96.86666666666633,,,
9.343358395989975,97.02636328227982,,,
9.353383458646617,97.18665012919496,,,
9.363408521303258,97.34751819624762,,,
9.3734335839599,97.50895847227298,,,
9.38345864661654,97.67096194610508,,,
9.393483709273182,97.83351960658001,,,
9.403508771929825,97.9966224425325,,,
9.413533834586467,98.16026144279749,,,
9.423558897243108,98.32442759621017,,,
9.43358395989975,98.48911189160594,,,
9.443609022556391,98.65430531781976,,,
9.453634085213032,98.8199988636859,,,
9.463659147869674,98.9861835180402,,,
9.473684210526315,99.15285026971856,,,
9.483709273182956,99.31999010755385,,,
9.4937343358396,99.48759402038309,,,
9.503759398496241,99.65565299704076,,,
9.513784461152882,99.8241580263616,,,
9.523809523809524,99.99310009718124,,,
9.533834586466165,100.1624701983344,,,
9.543859649122806,100.3322593186565,,,
9.553884711779448,100.50245844698202,,,
9.563909774436091,100.6730585721466,,,
9.573934837092732,100.84405068298452,,,
9.583959899749374,101.01542576833276,,,
9.593984962406015,101.18717481702402,,,
9.604010025062657,101.35928881789528,,,
9.614035087719298,101.53175875978013,,,
9.62406015037594,101.70457563151467,,,
9.63408521303258,101.87773042193294,,,
9.644110275689222,102.0512141198717,,,
9.654135338345865,102.22501771416478,,,
9.664160401002507,102.39913219364735,,,
9.674185463659148,102.57354854715413,,,
9.68421052631579,102.74825776352213,,,
9.69423558897243,102.92325083158403,,,
9.704260651629072,103.09851874017659,,,
9.714285714285714,103.27405247813385,,,
9.724310776942357,103.44984303429123,,,
9.734335839598998,103.62588139748414,,,
9.74436090225564,103.80215855654683,,,
9.75438596491228,103.97866550031563,,,
9.764411027568922,104.15539321762458,,,
9.774436090225564,104.33233269730863,,,
9.784461152882205,104.50947492820478,,,
9.794486215538846,104.68681089914548,,,
9.804511278195488,104.86433159896751,,,
9.814536340852131,105.0420280165049,,,
9.824561403508772,105.21989114059329,,,
9.834586466165414,105.39791196006809,,,
9.844611528822055,105.57608146376447,,,
9.854636591478696,105.75439064051625,,,
9.864661654135338,105.93283047915975,,,
9.87468671679198,106.11139196852923,,,
9.884711779448622,106.29006609746102,,,
9.894736842105264,106.46884385478916,,,
9.904761904761905,106.64771622934813,,,
9.914786967418546,106.82667420997495,,,
9.924812030075188,107.00570878550252,,,
9.93483709273183,107.1848109447676,,,
9.94486215538847,107.36397167660493,,,
9.954887218045112,107.54318196984877,,,
9.964912280701753,107.72243281333499,,,
9.974937343358397,107.90171519589808,,,
9.984962406015038,108.0810201063739,,,
9.99498746867168,108.26033853359672,,,
10.00501253132832,108.43966146640219,,,
10.015037593984962,108.61897989362569,,,
10.025062656641603,108.79828480410083,,,
10.035087719298247,108.97756718666415,,,
10.045112781954888,109.15681803015059,,,
10.05513784461153,109.33602832339466,,,
10.06516290726817,109.51518905523153,,,
10.075187969924812,109.69429121449662,,,
10.085213032581454,109.87332579002441,,,
10.095238095238095,110.052283770651,,,
10.105263157894736,110.23115614520998,,,
10.115288220551378,110.40993390253834,,,
10.125313283208019,110.58860803146945,,,
10.13533834586466,110.76716952083939,,,
10.145363408521304,110.94560935948311,,,
10.155388471177945,111.12391853623512,,,
10.165413533834586,111.30208803993105,,,
10.175438596491228,111.48010885940607,,,
10.185463659147869,111.65797198349446,,,
10.195488721804512,111.83566840103231,,,
10.205513784461154,112.0131891008541,,,
10.215538847117795,112.19052507179458,,,
10.225563909774436,112.3676673026905,,,
10.235588972431078,112.54460678237479,,,
10.24561403508772,112.72133449968419,,,
10.25563909774436,112.89784144345208,,,
10.265664160401002,113.07411860251523,,,
10.275689223057643,113.25015696570813,,,
10.285714285714285,113.42594752186574,,,
10.295739348370926,113.601481259823,,,
10.30576441102757,113.77674916841488,,,
10.31578947368421,113.95174223647723,,,
10.325814536340852,114.12645145284478,,,
10.335839598997493,114.30086780635179,,,
10.345864661654135,114.47498228583504,,,
10.355889724310778,114.64878588012766,,,
10.36591478696742,114.8222695780662,,,
10.37593984962406,114.99542436848469,,,
10.385964912280702,115.16824124021946,,,
10.395989974937343,115.34071118210431,,,
10.406015037593985,115.51282518297512,,,
10.416040100250626,115.68457423166615,,,
10.426065162907268,115.85594931701462,,,
10.436090225563909,116.02694142785276,,,
10.44611528822055,116.1975415530178,,,
10.456140350877192,116.36774068134287,,,
10.466165413533835,116.5375298016645,,,
10.476190476190476,116.7068999028179,,,
10.486215538847118,116.8758419736373,,,
10.496240601503759,117.0443470029586,,,
10.5062656641604,117.21240597961628,,,
10.516290726817044,117.38000989244529,,,
10.526315789473685,117.54714973028081,,,
10.536340852130326,117.71381648195893,,,
10.546365914786968,117.88000113631279,,,
10.556390977443609,118.04569468217983,,,
10.56641604010025,118.21088810839274,,,
10.576441102756892,118.37557240378874,,,
10.586466165413533,118.53973855720142,,,
10.596491228070175,118.70337755746687,,,
10.606516290726816,118.86648039341935,,,
10.616541353383457,119.02903805389383,,,
10.6265664160401,119.19104152772638,,,
10.636591478696742,119.35248180375174,,,
10.646616541353383,119.51334987080372,,,
10.656641604010025,119.67363671772,,,
10.666666666666666,119.8333333333328,,,
10.67669172932331,119.99243070647913,,,
10.68671679197995,120.1509198259937,,,
10.696741854636592,120.30879168071056,,,
10.706766917293233,120.46603725946602,,,
10.716791979949875,120.62264755109504,,,
10.726817042606516,120.77861354443189,,,
10.736842105263158,120.93392622831288,,,
10.746867167919799,121.08857659157184,,,
10.75689223057644,121.24255562304461,,,
10.766917293233082,121.39585431156547,,,
10.776942355889723,121.54846364597074,,,
10.786967418546366,121.70037461509423,,,
10.796992481203008,121.85157820777272,,,
10.807017543859649,122.00206541283887,,,
10.81704260651629,122.15182721912993,,,
10.827067669172932,122.30085461548038,,,
10.837092731829575,122.44913859072403,,,
10.847117794486216,122.59667013369767,,,
10.857142857142858,122.74344023323579,,,
10.867167919799499,122.88943987817288,,,
10.87719298245614,123.03466005734504,,,
10.887218045112782,123.17909175958653,,,
10.897243107769423,123.32272597373299,,,
10.907268170426065,123.46555368861937,,,
10.917293233082706,123.60756589308062,,,
10.927318295739347,123.74875357595147,,,
10.937343358395989,123.889107726068,,,
10.947368421052632,124.02861933226404,,,
10.957393483709273,124.16727938337567,,,
10.967418546365915,124.30507886823693,,,
10.977443609022556,124.44200877568392,,,
10.987468671679197,124.57806009455135,,,
10.99749373433584,124.71322381367486,,,
11.007518796992482,124.84749092188804,,,
11.017543859649123,124.98085240802789,,,
11.027568922305765,125.11329926092844,,,
11.037593984962406,125.24482246942443,,,
11.047619047619047,125.3754130223515,,,
11.057644110275689,125.5050619085448,,,
11.06766917293233,125.63376011683863,,,
11.077694235588972,125.76149863606884,,,
11.087719298245613,125.8882684550706,,,
11.097744360902254,126.01406056267865,,,
11.107769423558898,126.13886594772816,,,
11.117794486215539,126.26267559905432,,,
11.12781954887218,126.38548050549184,,,
11.137844611528822,126.50727165587614,,,
11.147869674185463,126.62804003904216,,,
11.157894736842106,126.74777664382509,,,
11.167919799498748,126.86647245906033,,,
11.177944862155389,126.98411847358193,,,
11.18796992481203,127.10070567622574,,,
11.197994987468672,127.21622505582695,,,
11.208020050125313,127.33066760122006,,,
11.218045112781954,127.44402430124114,,,
11.228070175438596,127.55628614472403,,,
11.238095238095237,127.66744412050525,,,
11.248120300751879,127.77748921741795,,,
11.25814536340852,127.88641242429912,,,
11.268170426065163,127.99420472998281,,,
11.278195488721805,128.1008571233042,,,
11.288220551378446,128.20636059309868,,,
11.298245614035087,128.310706128201,,,
11.308270676691729,128.41388471744608,,,
11.318295739348372,128.5158873496698,,,
11.328320802005013,128.61670501370668,,,
11.338345864661655,128.71632869839186,,,
11.348370927318296,128.81474939256054,,,
11.358395989974937,128.91195808504767,,,
11.368421052631579,129.0079457646882,,,
11.37844611528822,129.102703420318,,,
11.388471177944862,129.19622204077018,,,
11.398496240601503,129.28849261488222,,,
11.408521303258144,129.37950613148814,,,
11.418546365914786,129.46925357942246,,,
11.428571428571429,129.5577259475217,,,
11.43859649122807,129.64491422461947,,,
11.448621553884712,129.73080939955116,,,
11.458646616541353,129.81540246115264,,,
11.468671679197994,129.89868439825887,,,
11.478696741854638,129.98064619970387,,,
11.488721804511279,130.06127885432352,,,
11.49874686716792,130.14057335095322,,,
11.508771929824562,130.21852067842678,,,
11.518796992481203,130.29511182558053,,,
11.528822055137844,130.3703377812492,,,
11.538847117794486,130.44418953426793,,,
11.548872180451127,130.51665807347194,,,
11.558897243107769,130.58773438769595,,,
11.56892230576441,130.6574094657749,,,
11.578947368421051,130.72567429654418,,,
11.588972431077694,130.79251986883946,,,
11.598997493734336,130.8579371714941,,,
11.609022556390977,130.92191719334437,,,
11.619047619047619,130.98445092322618,,,
11.62907268170426,131.04552934997287,,,
11.639097744360903,131.10514346242053,,,
11.649122807017545,131.16328424940434,,,
11.659147869674186,131.21994269975858,,,
11.669172932330827,131.27510980231955,,,
11.679197994987469,131.32877654592107,,,
11.68922305764411,131.380933919399,,,
11.699248120300751,131.43157291158764,,,
11.709273182957393,131.4806845113228,,,
11.719298245614034,131.52825970743993,,,
11.729323308270676,131.57428948877327,,,
11.739348370927317,131.61876484415825,,,
11.74937343358396,131.66167676242935,,,
11.759398496240602,131.7030162324229,,,
11.769423558897243,131.74277424297293,,,
11.779448621553884,131.78094178291508,,,
11.789473684210526,131.81750984108407,,,
11.799498746867169,131.85246940631532,,,
11.80952380952381,131.885811467444,,,
11.819548872180452,131.91752701330438,,,
11.829573934837093,131.94760703273164,,,
11.839598997493734,131.97604251456187,,,
11.849624060150376,132.00282444763002,,,
11.859649122807017,132.02794382077013,,,
11.869674185463658,132.05139162281853,,,
11.8796992481203,132.07315884260925,,,
11.889724310776941,132.09323646897792,,,
11.899749373433583,132.11161549075882,,,
11.909774436090226,132.1282868967885,,,
11.919799498746867,132.14324167590075,,,
11.929824561403509,132.15647081693055,,,
11.93984962406015,132.16796530871443,,,
11.949874686716791,132.1777161400869,,,
11.959899749373434,132.18571429988197,,,
11.969924812030076,132.19195077693644,,,
11.979949874686717,132.1964165600839,,,
11.989974937343359,132.1991026381595,,,
12.0,132.1999999999996,,,
12.0,132.1999999999971,,,
12.010025062656641,132.1970633504552,,,
12.020050125313283,132.1882730614052,,,
12.030075187969924,132.17365862221595,,,
12.040100250626566,132.15324952225637,,,
12.050125313283209,132.12707525089536,,,
12.06015037593985,132.0951652974909,,,
12.070175438596491,132.05754915142825,,,
12.080200501253133,132.01425630205813,,,
12.090225563909774,131.9653162387567,,,
12.100250626566416,131.91075845089108,,,
12.110275689223057,131.8506124278283,,,
12.1203007518797,131.7849076589373,,,
12.130325814536342,131.7136736335833,,,
12.140350877192983,131.63693984113706,,,
12.150375939849624,131.55473577096382,,,
12.160401002506266,131.4670909124361,,,
12.170426065162907,131.37403475491556,,,
12.180451127819548,131.27559678777288,,,
12.19047619047619,131.171806500377,,,
12.200501253132831,131.06269338209313,,,
12.210526315789474,130.9482869222884,,,
12.220551378446116,130.82861661034076,,,
12.230576441102757,130.70371193559913,,,
12.240601503759398,130.5736023874506,,,
12.25062656641604,130.43831745524585,,,
12.260651629072681,130.29788662836836,,,
12.270676691729323,130.15233939617247,,,
12.280701754385966,130.0017052480398,,,
12.290726817042607,129.8460136733247,,,
12.300751879699249,129.68529416140154,,,
12.31077694235589,129.5195762016374,,,
12.320802005012531,129.34888928340297,,,
12.330827067669173,129.1732628960599,,,
12.340852130325814,128.9927265289789,,,
12.350877192982455,128.80730967153067,,,
12.360902255639097,128.61704181307869,,,
12.37092731829574,128.42195244299364,,,
12.380952380952381,128.2220710506408,,,
12.390977443609023,128.01742712538908,,,
12.401002506265664,127.80805015660917,,,
12.411027568922306,127.59396963366453,,,
12.421052631578947,127.37521504592223,,,
12.431077694235588,127.15181588275664,,,
12.441102756892231,126.92380163352755,,,
12.451127819548873,126.69120178761113,,,
12.461152882205514,126.45404583436357,,,
12.471177944862156,126.2123632631683,,,
12.481203007518797,125.96618356337603,,,
12.491228070175438,125.71553622437204,,,
12.50125313283208,125.46045073550886,,,
12.511278195488721,125.20095658616265,,,
12.521303258145362,124.93708326569686,,,
12.531328320802006,124.66886026348402,,,
12.541353383458647,124.39631706888758,,,
12.551378446115288,124.11948317127826,,,
12.56140350877193,123.83838806002314,,,
12.571428571428571,123.55306122448928,,,
12.581453634085213,123.26353215404197,,,
12.591478696741854,122.96983033805554,,,
12.601503759398497,122.67198526589164,,,
12.611528822055138,122.37002642692278,,,
12.62155388471178,122.06398331051969,,,
12.631578947368421,121.75388540603126,,,
12.641604010025063,121.43976220285367,,,
12.651629072681704,121.12164319032672,,,
12.661654135338345,120.79955785784296,,,
12.671679197994987,120.47353569475126,,,
12.681704260651628,120.14360619043146,,,
12.691729323308271,119.80979883424334,,,
12.701754385964913,119.47214311555945,,,
12.711779448621554,119.13066852374686,,,
12.721804511278195,118.78540454817266,,,
12.731829573934837,118.43638067820393,,,
12.741854636591478,118.08362640321138,,,
12.75187969924812,117.72717121255846,,,
12.761904761904763,117.36704459561406,,,
12.771929824561404,117.00327604175072,,,
12.781954887218046,116.63589504033007,,,
12.791979949874687,116.26493108072282,,,
12.802005012531328,115.89041365229787,,,
12.81203007518797,115.51237224442048,,,
12.822055137844611,115.13083634645955,,,
12.832080200501252,114.74583544778397,,,
12.842105263157894,114.35739903775902,,,
12.852130325814537,113.96555660575723,,,
12.862155388471178,113.57033764113476,,,
12.87218045112782,113.17177163328051,,,
12.882205513784461,112.76988807153612,,,
12.892230576441102,112.3647164452941,,,
12.902255639097744,111.95628624390156,,,
12.912280701754385,111.54462695674192,,,
12.922305764411028,111.12976807317318,,,
12.93233082706767,110.71173908256787,,,
12.942355889724311,110.29056947429308,,,
12.952380952380953,109.8662887377177,,,
12.962406015037594,109.43892636220517,,,
12.972431077694235,109.0085118371262,,,
12.982456140350877,108.5750746518479,,,
12.992481203007518,108.13864429573914,,,
13.00250626566416,107.69925025816883,,,
13.012531328320803,107.2569220284986,,,
13.022556390977444,106.81168909610278,,,
13.032581453634085,106.3635809503503,,,
13.042606516290727,105.9126270806064,,,
13.052631578947368,105.45885697623271,,,
13.06265664160401,105.00230012660904,,,
13.072681704260651,104.54298602108975,,,
13.082706766917294,104.08094414905645,,,
13.092731829573935,103.6162039998635,,,
13.102756892230577,103.14879506289071,,,
13.112781954887218,102.67874682749607,,,
13.12280701754386,102.20608878305211,,,
13.132832080200501,101.73085041892773,,,
13.142857142857142,101.25306122449001,,,
13.152882205513784,100.77275068910421,,,
13.162907268170425,100.28994830213924,,,
13.172932330827068,99.80468355296398,,,
13.18295739348371,99.31698593094552,,,
13.192982456140351,98.82688492545458,,,
13.203007518796992,98.3344100258546,,,
13.213032581453634,97.83959072151447,,,
13.223057644110275,97.3424565018031,,,
13.233082706766917,96.84303685608756,,,
13.24310776942356,96.34136127373313,,,
13.253132832080201,95.8374592441196,,,
13.263157894736842,95.33136025659223,,,
13.273182957393484,94.8230938005454,,,
13.283208020050125,94.3126893653207,,,
13.293233082706767,93.80017644031068,,,
13.303258145363408,93.2855845148606,,,
13.31328320802005,92.76894307835937,,,
13.32330827067669,92.25028162015406,,,
13.333333333333334,91.7296296296281,,,
13.343358395989975,91.20701659614315,,,
13.353383458646617,90.68247200906808,,,
13.363408521303258,90.15602535776998,,,
13.3734335839599,89.62770613161592,,,
13.38345864661654,89.09754381997664,,,
13.393483709273182,88.56556791221556,,,
13.403508771929825,88.03180789770886,,,
13.413533834586467,87.49629326580725,,,
13.423558897243108,86.95905350590147,,,
13.43358395989975,86.42011810733857,,,
13.443609022556391,85.87951655950565,,,
13.453634085213032,85.33727835174977,,,
13.463659147869674,84.79343297345622,,,
13.473684210526315,84.24800991397933,,,
13.483709273182956,83.70103866270074,,,
13.4937343358396,83.15254870896933,,,
13.503759398496241,82.60256954217766,,,
13.513784461152882,82.05113065166915,,,
13.523809523809524,81.49826152683454,,,
13.533834586466165,80.94399165702089,,,
13.543859649122806,80.38835053160801,,,
13.553884711779448,79.83136763995935,,,
13.563909774436091,79.27307247144381,,,
13.573934837092732,78.71349451542847,,,
13.583959899749374,78.15266326128221,,,
13.593984962406015,77.59060819837396,,,
13.604010025062657,77.02735881606895,,,
13.614035087719298,76.4629446037361,,,
13.62406015037594,75.89739505074249,,,
13.63408521303258,75.330739646457,,,
13.644110275689222,74.76300788025037,,,
13.654135338345865,74.19422924148603,,,
13.664160401002507,73.6244332195256,,,
13.674185463659148,73.05364930375436,,,
13.68421052631579,72.48190698352118,,,
13.69423558897243,71.90923574821136,,,
13.704260651629072,71.33566508717377,,,
13.714285714285714,70.76122448979731,,,
13.724310776942357,70.18594344543271,,,
13.734335839598998,69.6098514434525,,,
13.74436090225564,69.03297797322739,,,
13.75438596491228,68.45535252412265,,,
13.764411027568922,67.87700458550717,,,
13.774436090225564,67.29796364674803,,,
13.784461152882205,66.71825919721414,,,
13.794486215538846,66.13792072627257,,,
13.804511278195488,65.55697772329404,,,
13.814536340852131,64.97545967763836,,,
13.824561403508772,64.39339607868715,,,
